# First line is two numbers 
#     First value is '2', it means 'histogram mode'
#     Second value is 'Emin' of the histogram
# Other lines : 2 columns. 1) energy 2) Bin Width 2) frequency (nb divided by NbEvent)
# Number of bins = 1000
# Content below the first bin: 0
# Content above the last  bin: 0
# Number of events: 3000909
2 0
0.00055 0.0011 0
0.00165 0.0011 0
0.00275 0.0011 0
0.00385 0.0011 0
0.00495 0.0011 0
0.00605 0.0011 0
0.00715 0.0011 0
0.00825 0.0011 0
0.00935 0.0011 0
0.01045 0.0011 0
0.01155 0.0011 0
0.01265 0.0011 0
0.01375 0.0011 0
0.01485 0.0011 0
0.01595 0.0011 0
0.01705 0.0011 0
0.01815 0.0011 0
0.01925 0.0011 0
0.02035 0.0011 0
0.02145 0.0011 0
0.02255 0.0011 0
0.02365 0.0011 0.00419512
0.02475 0.0011 0
0.02585 0.0011 0
0.02695 0.0011 0
0.02805 0.0011 0
0.02915 0.0011 0
0.03025 0.0011 0
0.03135 0.0011 0
0.03245 0.0011 0
0.03355 0.0011 0
0.03465 0.0011 0.0787642
0.03575 0.0011 0
0.03685 0.0011 0
0.03795 0.0011 0.116909
0.03905 0.0011 0
0.04015 0.0011 0.443002
0.04125 0.0011 0
0.04235 0.0011 1.26135
0.04345 0.0011 0.966279
0.04455 0.0011 0.629886
0.04565 0.0011 0.39682
0.04675 0.0011 0.60245
0.04785 0.0011 1.85132
0.04895 0.0011 5.64089
0.05005 0.0011 4.53785
0.05115 0.0011 5.03381
0.05225 0.0011 8.11483
0.05335 0.0011 6.95323
0.05445 0.0011 6.38751
0.05555 0.0011 12.3699
0.05665 0.0011 9.61412
0.05775 0.0011 9.82146
0.05885 0.0011 25.091
0.05995 0.0011 27.7364
0.06105 0.0011 19.7596
0.06215 0.0011 26.2341
0.06325 0.0011 47.8703
0.06435 0.0011 23.5441
0.06545 0.0011 42.2228
0.06655 0.0011 100.216
0.06765 0.0011 103.231
0.06875 0.0011 148.737
0.06985 0.0011 142.487
0.07095 0.0011 211.187
0.07205 0.0011 192.99
0.07315 0.0011 224.561
0.07425 0.0011 293.851
0.07535 0.0011 355.109
0.07645 0.0011 353.673
0.07755 0.0011 419.871
0.07865 0.0011 438.468
0.07975 0.0011 631.273
0.08085 0.0011 633.09
0.08195 0.0011 652.555
0.08305 0.0011 730.591
0.08415 0.0011 929.865
0.08525 0.0011 950.935
0.08635 0.0011 1041.61
0.08745 0.0011 1147.38
0.08855 0.0011 1398.67
0.08965 0.0011 1286.53
0.09075 0.0011 1471.43
0.09185 0.0011 1563.73
0.09295 0.0011 1761.86
0.09405 0.0011 1908.18
0.09515 0.0011 2165.3
0.09625 0.0011 2279.13
0.09735 0.0011 2344.75
0.09845 0.0011 2415.54
0.09955 0.0011 2817.16
0.10065 0.0011 2825.96
0.10175 0.0011 3014.28
0.10285 0.0011 3230.29
0.10395 0.0011 3434.65
0.10505 0.0011 3781.87
0.10615 0.0011 4053.05
0.10725 0.0011 4379.8
0.10835 0.0011 4232.67
0.10945 0.0011 4791.69
0.11055 0.0011 4843.2
0.11165 0.0011 5647.46
0.11275 0.0011 5440.07
0.11385 0.0011 5512.27
0.11495 0.0011 5734.33
0.11605 0.0011 6542.86
0.11715 0.0011 6446.47
0.11825 0.0011 6292.43
0.11935 0.0011 6470.05
0.12045 0.0011 6984.39
0.12155 0.0011 6740.98
0.12265 0.0011 7317.29
0.12375 0.0011 7218.07
0.12485 0.0011 7971.59
0.12595 0.0011 7759.92
0.12705 0.0011 7951.47
0.12815 0.0011 8088.25
0.12925 0.0011 8533.34
0.13035 0.0011 8445.14
0.13145 0.0011 8923.94
0.13255 0.0011 9125.73
0.13365 0.0011 8830.06
0.13475 0.0011 8334.29
0.13585 0.0011 8560.57
0.13695 0.0011 9544.67
0.13805 0.0011 9193.98
0.13915 0.0011 9521
0.14025 0.0011 9659.63
0.14135 0.0011 9911.42
0.14245 0.0011 9718.93
0.14355 0.0011 10528.1
0.14465 0.0011 10703.4
0.14575 0.0011 10644
0.14685 0.0011 10609.9
0.14795 0.0011 10830.6
0.14905 0.0011 10870.5
0.15015 0.0011 11326
0.15125 0.0011 11267
0.15235 0.0011 11853.9
0.15345 0.0011 10795.7
0.15455 0.0011 12384.4
0.15565 0.0011 11819.3
0.15675 0.0011 12214.1
0.15785 0.0011 12284.9
0.15895 0.0011 12430.5
0.16005 0.0011 12971.4
0.16115 0.0011 12597.3
0.16225 0.0011 13443.6
0.16335 0.0011 14167.7
0.16445 0.0011 13902.3
0.16555 0.0011 14205.4
0.16665 0.0011 14960
0.16775 0.0011 16040.3
0.16885 0.0011 17583.8
0.16995 0.0011 18793.1
0.17105 0.0011 20369.6
0.17215 0.0011 20393
0.17325 0.0011 21569.4
0.17435 0.0011 20154.5
0.17545 0.0011 21802.4
0.17655 0.0011 20654
0.17765 0.0011 21228.9
0.17875 0.0011 20345.4
0.17985 0.0011 20118.9
0.18095 0.0011 20811.1
0.18205 0.0011 19515.9
0.18315 0.0011 20907.5
0.18425 0.0011 20099.2
0.18535 0.0011 19911
0.18645 0.0011 19946.2
0.18755 0.0011 20120.8
0.18865 0.0011 20291.8
0.18975 0.0011 20084.9
0.19085 0.0011 19989.1
0.19195 0.0011 20288.8
0.19305 0.0011 19247.2
0.19415 0.0011 19296.6
0.19525 0.0011 19040.9
0.19635 0.0011 18816.5
0.19745 0.0011 19123
0.19855 0.0011 18076.3
0.19965 0.0011 18693.6
0.20075 0.0011 19759.2
0.20185 0.0011 18722.9
0.20295 0.0011 18102.5
0.20405 0.0011 19679.5
0.20515 0.0011 18346.2
0.20625 0.0011 17566.9
0.20735 0.0011 18545.9
0.20845 0.0011 19015.1
0.20955 0.0011 17256.5
0.21065 0.0011 17699.2
0.21175 0.0011 18283.8
0.21285 0.0011 17179.4
0.21395 0.0011 18268.7
0.21505 0.0011 16809.6
0.21615 0.0011 17154.7
0.21725 0.0011 16781.9
0.21835 0.0011 17092.8
0.21945 0.0011 17518.1
0.22055 0.0011 17030.1
0.22165 0.0011 15766.4
0.22275 0.0011 16792.1
0.22385 0.0011 16819.2
0.22495 0.0011 16595.1
0.22605 0.0011 15969.8
0.22715 0.0011 16156
0.22825 0.0011 16675.1
0.22935 0.0011 15130.9
0.23045 0.0011 15745.1
0.23155 0.0011 16227.2
0.23265 0.0011 15787.8
0.23375 0.0011 16210.4
0.23485 0.0011 17059.1
0.23595 0.0011 15245.2
0.23705 0.0011 15377.6
0.23815 0.0011 13936.3
0.23925 0.0011 16238.3
0.24035 0.0011 14728.8
0.24145 0.0011 14856.5
0.24255 0.0011 15571.7
0.24365 0.0011 15117.5
0.24475 0.0011 15549.3
0.24585 0.0011 15388.6
0.24695 0.0011 14928.1
0.24805 0.0011 15193.6
0.24915 0.0011 14252.2
0.25025 0.0011 13764.3
0.25135 0.0011 14005
0.25245 0.0011 14400.9
0.25355 0.0011 14666.9
0.25465 0.0011 14026.3
0.25575 0.0011 15031
0.25685 0.0011 14428.7
0.25795 0.0011 14779.2
0.25905 0.0011 14579.3
0.26015 0.0011 13768.2
0.26125 0.0011 14401.9
0.26235 0.0011 13538.5
0.26345 0.0011 14008.7
0.26455 0.0011 14318.6
0.26565 0.0011 14578.1
0.26675 0.0011 14722.4
0.26785 0.0011 13270.2
0.26895 0.0011 14554.6
0.27005 0.0011 14091.5
0.27115 0.0011 13680.9
0.27225 0.0011 13009.6
0.27335 0.0011 14122
0.27445 0.0011 13628.2
0.27555 0.0011 13855.7
0.27665 0.0011 13935.9
0.27775 0.0011 13723.1
0.27885 0.0011 14110.3
0.27995 0.0011 13232.3
0.28105 0.0011 13759.6
0.28215 0.0011 12839.3
0.28325 0.0011 13834.5
0.28435 0.0011 12353
0.28545 0.0011 13703.3
0.28655 0.0011 12361.2
0.28765 0.0011 13117.1
0.28875 0.0011 13351.3
0.28985 0.0011 13313
0.29095 0.0011 14276.9
0.29205 0.0011 13402.6
0.29315 0.0011 13606.6
0.29425 0.0011 13139.4
0.29535 0.0011 13942
0.29645 0.0011 12728.4
0.29755 0.0011 13338
0.29865 0.0011 12874.5
0.29975 0.0011 13044.3
0.30085 0.0011 12097.6
0.30195 0.0011 12674.7
0.30305 0.0011 13245.9
0.30415 0.0011 12597
0.30525 0.0011 13005.1
0.30635 0.0011 12583.1
0.30745 0.0011 13146.5
0.30855 0.0011 12120.1
0.30965 0.0011 12555.7
0.31075 0.0011 11993.1
0.31185 0.0011 12273.1
0.31295 0.0011 12067.5
0.31405 0.0011 12456.7
0.31515 0.0011 13753.2
0.31625 0.0011 12181.2
0.31735 0.0011 13129.1
0.31845 0.0011 13682.4
0.31955 0.0011 12348.1
0.32065 0.0011 11557.2
0.32175 0.0011 12919.8
0.32285 0.0011 12536.3
0.32395 0.0011 12480.6
0.32505 0.0011 12141.6
0.32615 0.0011 12686
0.32725 0.0011 12160.1
0.32835 0.0011 12698.2
0.32945 0.0011 11820.3
0.33055 0.0011 12715.4
0.33165 0.0011 12450.4
0.33275 0.0011 12871.6
0.33385 0.0011 12569.1
0.33495 0.0011 12654.1
0.33605 0.0011 13191.9
0.33715 0.0011 12556.9
0.33825 0.0011 12163.2
0.33935 0.0011 11764.7
0.34045 0.0011 12720.8
0.34155 0.0011 12744.4
0.34265 0.0011 12393.5
0.34375 0.0011 13008.9
0.34485 0.0011 12811.7
0.34595 0.0011 12386.9
0.34705 0.0011 12225.8
0.34815 0.0011 12207.5
0.34925 0.0011 12058.2
0.35035 0.0011 12923.7
0.35145 0.0011 12490.8
0.35255 0.0011 11205.4
0.35365 0.0011 12058.7
0.35475 0.0011 12152.6
0.35585 0.0011 12436.4
0.35695 0.0011 12331.1
0.35805 0.0011 12903.5
0.35915 0.0011 12295.1
0.36025 0.0011 11481.5
0.36135 0.0011 12951.3
0.36245 0.0011 12525.4
0.36355 0.0011 12180.3
0.36465 0.0011 12701.4
0.36575 0.0011 12502.1
0.36685 0.0011 12437.3
0.36795 0.0011 12722.9
0.36905 0.0011 13511.5
0.37015 0.0011 12111.8
0.37125 0.0011 12308.2
0.37235 0.0011 12721
0.37345 0.0011 11587.6
0.37455 0.0011 13215.9
0.37565 0.0011 12313.5
0.37675 0.0011 13008.7
0.37785 0.0011 13113.7
0.37895 0.0011 11644.6
0.38005 0.0011 12752.2
0.38115 0.0011 12305.9
0.38225 0.0011 12486.6
0.38335 0.0011 11906.2
0.38445 0.0011 12314.6
0.38555 0.0011 13501.7
0.38665 0.0011 12285.1
0.38775 0.0011 12368.5
0.38885 0.0011 11992.1
0.38995 0.0011 12625.4
0.39105 0.0011 13223.3
0.39215 0.0011 12836.3
0.39325 0.0011 11887.8
0.39435 0.0011 13167.3
0.39545 0.0011 12117.6
0.39655 0.0011 12261.3
0.39765 0.0011 11879.1
0.39875 0.0011 11815.9
0.39985 0.0011 13032.9
0.40095 0.0011 13285.1
0.40205 0.0011 12326.5
0.40315 0.0011 12636.6
0.40425 0.0011 12051.8
0.40535 0.0011 12897.5
0.40645 0.0011 11762.9
0.40755 0.0011 12029.1
0.40865 0.0011 12467
0.40975 0.0011 12015.3
0.41085 0.0011 12750.5
0.41195 0.0011 12117.3
0.41305 0.0011 11633.7
0.41415 0.0011 12862.7
0.41525 0.0011 13170.6
0.41635 0.0011 12616.1
0.41745 0.0011 13050
0.41855 0.0011 12572.8
0.41965 0.0011 13436.3
0.42075 0.0011 12342.6
0.42185 0.0011 11845.2
0.42295 0.0011 12564.9
0.42405 0.0011 12696.3
0.42515 0.0011 12501.3
0.42625 0.0011 12198.8
0.42735 0.0011 12267.8
0.42845 0.0011 12266.7
0.42955 0.0011 13047.4
0.43065 0.0011 12676.6
0.43175 0.0011 12868.9
0.43285 0.0011 12991.2
0.43395 0.0011 12566.2
0.43505 0.0011 12458.6
0.43615 0.0011 12138.1
0.43725 0.0011 12551.6
0.43835 0.0011 12153.9
0.43945 0.0011 11735.7
0.44055 0.0011 12433
0.44165 0.0011 12460.4
0.44275 0.0011 12431.7
0.44385 0.0011 12311.4
0.44495 0.0011 12378.5
0.44605 0.0011 12889.9
0.44715 0.0011 12976.2
0.44825 0.0011 12903.2
0.44935 0.0011 12936.5
0.45045 0.0011 13381.1
0.45155 0.0011 13403.5
0.45265 0.0011 11806.4
0.45375 0.0011 12107.3
0.45485 0.0011 13168.1
0.45595 0.0011 12926.8
0.45705 0.0011 12437.4
0.45815 0.0011 13255.3
0.45925 0.0011 12030.9
0.46035 0.0011 12803.7
0.46145 0.0011 13295.6
0.46255 0.0011 12749.2
0.46365 0.0011 13101.5
0.46475 0.0011 12587.1
0.46585 0.0011 12935.1
0.46695 0.0011 12312.7
0.46805 0.0011 12580.2
0.46915 0.0011 13215.6
0.47025 0.0011 12294.9
0.47135 0.0011 12895.2
0.47245 0.0011 12181.7
0.47355 0.0011 12840.7
0.47465 0.0011 13009.6
0.47575 0.0011 11721.2
0.47685 0.0011 12355.8
0.47795 0.0011 11877.5
0.47905 0.0011 12978.8
0.48015 0.0011 12779.6
0.48125 0.0011 12632.2
0.48235 0.0011 12782.3
0.48345 0.0011 12871.8
0.48455 0.0011 12794.5
0.48565 0.0011 12224
0.48675 0.0011 11607.8
0.48785 0.0011 11825.8
0.48895 0.0011 12136.7
0.49005 0.0011 11969.8
0.49115 0.0011 11406.8
0.49225 0.0011 12449
0.49335 0.0011 11577.8
0.49445 0.0011 11721.2
0.49555 0.0011 10829.9
0.49665 0.0011 12374.1
0.49775 0.0011 11606.4
0.49885 0.0011 9632.6
0.49995 0.0011 6.56525e+06
0.50105 0.0011 0
0.50215 0.0011 0
0.50325 0.0011 0
0.50435 0.0011 0
0.50545 0.0011 0
0.50655 0.0011 0
0.50765 0.0011 0
0.50875 0.0011 0
0.50985 0.0011 0
0.51095 0.0011 0
0.51205 0.0011 0
0.51315 0.0011 0
0.51425 0.0011 0
0.51535 0.0011 0
0.51645 0.0011 0
0.51755 0.0011 0
0.51865 0.0011 0
0.51975 0.0011 0
0.52085 0.0011 0
0.52195 0.0011 0
0.52305 0.0011 0
0.52415 0.0011 0
0.52525 0.0011 0
0.52635 0.0011 0
0.52745 0.0011 0
0.52855 0.0011 0
0.52965 0.0011 0
0.53075 0.0011 0
0.53185 0.0011 0
0.53295 0.0011 0
0.53405 0.0011 0
0.53515 0.0011 0
0.53625 0.0011 0
0.53735 0.0011 0
0.53845 0.0011 0
0.53955 0.0011 0
0.54065 0.0011 0
0.54175 0.0011 0
0.54285 0.0011 0
0.54395 0.0011 0
0.54505 0.0011 0
0.54615 0.0011 0
0.54725 0.0011 0
0.54835 0.0011 0
0.54945 0.0011 0
0.55055 0.0011 0
0.55165 0.0011 0
0.55275 0.0011 0
0.55385 0.0011 0
0.55495 0.0011 0
0.55605 0.0011 0
0.55715 0.0011 0
0.55825 0.0011 0
0.55935 0.0011 0
0.56045 0.0011 0
0.56155 0.0011 0
0.56265 0.0011 0
0.56375 0.0011 0
0.56485 0.0011 0
0.56595 0.0011 0
0.56705 0.0011 0
0.56815 0.0011 0
0.56925 0.0011 0
0.57035 0.0011 0
0.57145 0.0011 0
0.57255 0.0011 0
0.57365 0.0011 0
0.57475 0.0011 0
0.57585 0.0011 0
0.57695 0.0011 0
0.57805 0.0011 0
0.57915 0.0011 0
0.58025 0.0011 0
0.58135 0.0011 0
0.58245 0.0011 0
0.58355 0.0011 0
0.58465 0.0011 0
0.58575 0.0011 0
0.58685 0.0011 0
0.58795 0.0011 0
0.58905 0.0011 0
0.59015 0.0011 0
0.59125 0.0011 0
0.59235 0.0011 0
0.59345 0.0011 0
0.59455 0.0011 0
0.59565 0.0011 0
0.59675 0.0011 0
0.59785 0.0011 0
0.59895 0.0011 0
0.60005 0.0011 0
0.60115 0.0011 0
0.60225 0.0011 0
0.60335 0.0011 0
0.60445 0.0011 0
0.60555 0.0011 0
0.60665 0.0011 0
0.60775 0.0011 0
0.60885 0.0011 0
0.60995 0.0011 0
0.61105 0.0011 0
0.61215 0.0011 0
0.61325 0.0011 0
0.61435 0.0011 0
0.61545 0.0011 0
0.61655 0.0011 0
0.61765 0.0011 0
0.61875 0.0011 0
0.61985 0.0011 0
0.62095 0.0011 0
0.62205 0.0011 0
0.62315 0.0011 0
0.62425 0.0011 0
0.62535 0.0011 0
0.62645 0.0011 0
0.62755 0.0011 0
0.62865 0.0011 0
0.62975 0.0011 0
0.63085 0.0011 0
0.63195 0.0011 0
0.63305 0.0011 0
0.63415 0.0011 0
0.63525 0.0011 0
0.63635 0.0011 0
0.63745 0.0011 0
0.63855 0.0011 0
0.63965 0.0011 0
0.64075 0.0011 0
0.64185 0.0011 0
0.64295 0.0011 0
0.64405 0.0011 0
0.64515 0.0011 0
0.64625 0.0011 0
0.64735 0.0011 0
0.64845 0.0011 0
0.64955 0.0011 0
0.65065 0.0011 0
0.65175 0.0011 0
0.65285 0.0011 0
0.65395 0.0011 0
0.65505 0.0011 0
0.65615 0.0011 0
0.65725 0.0011 0
0.65835 0.0011 0
0.65945 0.0011 0
0.66055 0.0011 0
0.66165 0.0011 0
0.66275 0.0011 0
0.66385 0.0011 0
0.66495 0.0011 0
0.66605 0.0011 0
0.66715 0.0011 0
0.66825 0.0011 0
0.66935 0.0011 0
0.67045 0.0011 0
0.67155 0.0011 0
0.67265 0.0011 0
0.67375 0.0011 0
0.67485 0.0011 0
0.67595 0.0011 0
0.67705 0.0011 0
0.67815 0.0011 0
0.67925 0.0011 0
0.68035 0.0011 0
0.68145 0.0011 0
0.68255 0.0011 0
0.68365 0.0011 0
0.68475 0.0011 0
0.68585 0.0011 0
0.68695 0.0011 0
0.68805 0.0011 0
0.68915 0.0011 0
0.69025 0.0011 0
0.69135 0.0011 0
0.69245 0.0011 0
0.69355 0.0011 0
0.69465 0.0011 0
0.69575 0.0011 0
0.69685 0.0011 0
0.69795 0.0011 0
0.69905 0.0011 0
0.70015 0.0011 0
0.70125 0.0011 0
0.70235 0.0011 0
0.70345 0.0011 0
0.70455 0.0011 0
0.70565 0.0011 0
0.70675 0.0011 0
0.70785 0.0011 0
0.70895 0.0011 0
0.71005 0.0011 0
0.71115 0.0011 0
0.71225 0.0011 0
0.71335 0.0011 0
0.71445 0.0011 0
0.71555 0.0011 0
0.71665 0.0011 0
0.71775 0.0011 0
0.71885 0.0011 0
0.71995 0.0011 0
0.72105 0.0011 0
0.72215 0.0011 0
0.72325 0.0011 0
0.72435 0.0011 0
0.72545 0.0011 0
0.72655 0.0011 0
0.72765 0.0011 0
0.72875 0.0011 0
0.72985 0.0011 0
0.73095 0.0011 0
0.73205 0.0011 0
0.73315 0.0011 0
0.73425 0.0011 0
0.73535 0.0011 0
0.73645 0.0011 0
0.73755 0.0011 0
0.73865 0.0011 0
0.73975 0.0011 0
0.74085 0.0011 0
0.74195 0.0011 0
0.74305 0.0011 0
0.74415 0.0011 0
0.74525 0.0011 0
0.74635 0.0011 0
0.74745 0.0011 0
0.74855 0.0011 0
0.74965 0.0011 0
0.75075 0.0011 0
0.75185 0.0011 0
0.75295 0.0011 0
0.75405 0.0011 0
0.75515 0.0011 0
0.75625 0.0011 0
0.75735 0.0011 0
0.75845 0.0011 0
0.75955 0.0011 0
0.76065 0.0011 0
0.76175 0.0011 0
0.76285 0.0011 0
0.76395 0.0011 0
0.76505 0.0011 0
0.76615 0.0011 0
0.76725 0.0011 0
0.76835 0.0011 0
0.76945 0.0011 0
0.77055 0.0011 0
0.77165 0.0011 0
0.77275 0.0011 0
0.77385 0.0011 0
0.77495 0.0011 0
0.77605 0.0011 0
0.77715 0.0011 0
0.77825 0.0011 0
0.77935 0.0011 0
0.78045 0.0011 0
0.78155 0.0011 0
0.78265 0.0011 0
0.78375 0.0011 0
0.78485 0.0011 0
0.78595 0.0011 0
0.78705 0.0011 0
0.78815 0.0011 0
0.78925 0.0011 0
0.79035 0.0011 0
0.79145 0.0011 0
0.79255 0.0011 0
0.79365 0.0011 0
0.79475 0.0011 0
0.79585 0.0011 0
0.79695 0.0011 0
0.79805 0.0011 0
0.79915 0.0011 0
0.80025 0.0011 0
0.80135 0.0011 0
0.80245 0.0011 0
0.80355 0.0011 0
0.80465 0.0011 0
0.80575 0.0011 0
0.80685 0.0011 0
0.80795 0.0011 0
0.80905 0.0011 0
0.81015 0.0011 0
0.81125 0.0011 0
0.81235 0.0011 0
0.81345 0.0011 0
0.81455 0.0011 0
0.81565 0.0011 0
0.81675 0.0011 0
0.81785 0.0011 0
0.81895 0.0011 0
0.82005 0.0011 0
0.82115 0.0011 0
0.82225 0.0011 0
0.82335 0.0011 0
0.82445 0.0011 0
0.82555 0.0011 0
0.82665 0.0011 0
0.82775 0.0011 0
0.82885 0.0011 0
0.82995 0.0011 0
0.83105 0.0011 0
0.83215 0.0011 0
0.83325 0.0011 0
0.83435 0.0011 0
0.83545 0.0011 0
0.83655 0.0011 0
0.83765 0.0011 0
0.83875 0.0011 0
0.83985 0.0011 0
0.84095 0.0011 0
0.84205 0.0011 0
0.84315 0.0011 0
0.84425 0.0011 0
0.84535 0.0011 0
0.84645 0.0011 0
0.84755 0.0011 0
0.84865 0.0011 0
0.84975 0.0011 0
0.85085 0.0011 0
0.85195 0.0011 0
0.85305 0.0011 0
0.85415 0.0011 0
0.85525 0.0011 0
0.85635 0.0011 0
0.85745 0.0011 0
0.85855 0.0011 0
0.85965 0.0011 0
0.86075 0.0011 0
0.86185 0.0011 0
0.86295 0.0011 0
0.86405 0.0011 0
0.86515 0.0011 0
0.86625 0.0011 0
0.86735 0.0011 0
0.86845 0.0011 0
0.86955 0.0011 0
0.87065 0.0011 0
0.87175 0.0011 0
0.87285 0.0011 0
0.87395 0.0011 0
0.87505 0.0011 0
0.87615 0.0011 0
0.87725 0.0011 0
0.87835 0.0011 0
0.87945 0.0011 0
0.88055 0.0011 0
0.88165 0.0011 0
0.88275 0.0011 0
0.88385 0.0011 0
0.88495 0.0011 0
0.88605 0.0011 0
0.88715 0.0011 0
0.88825 0.0011 0
0.88935 0.0011 0
0.89045 0.0011 0
0.89155 0.0011 0
0.89265 0.0011 0
0.89375 0.0011 0
0.89485 0.0011 0
0.89595 0.0011 0
0.89705 0.0011 0
0.89815 0.0011 0
0.89925 0.0011 0
0.90035 0.0011 0
0.90145 0.0011 0
0.90255 0.0011 0
0.90365 0.0011 0
0.90475 0.0011 0
0.90585 0.0011 0
0.90695 0.0011 0
0.90805 0.0011 0
0.90915 0.0011 0
0.91025 0.0011 0
0.91135 0.0011 0
0.91245 0.0011 0
0.91355 0.0011 0
0.91465 0.0011 0
0.91575 0.0011 0
0.91685 0.0011 0
0.91795 0.0011 0
0.91905 0.0011 0
0.92015 0.0011 0
0.92125 0.0011 0
0.92235 0.0011 0
0.92345 0.0011 0
0.92455 0.0011 0
0.92565 0.0011 0
0.92675 0.0011 0
0.92785 0.0011 0
0.92895 0.0011 0
0.93005 0.0011 0
0.93115 0.0011 0
0.93225 0.0011 0
0.93335 0.0011 0
0.93445 0.0011 0
0.93555 0.0011 0
0.93665 0.0011 0
0.93775 0.0011 0
0.93885 0.0011 0
0.93995 0.0011 0
0.94105 0.0011 0
0.94215 0.0011 0
0.94325 0.0011 0
0.94435 0.0011 0
0.94545 0.0011 0
0.94655 0.0011 0
0.94765 0.0011 0
0.94875 0.0011 0
0.94985 0.0011 0
0.95095 0.0011 0
0.95205 0.0011 0
0.95315 0.0011 0
0.95425 0.0011 0
0.95535 0.0011 0
0.95645 0.0011 0
0.95755 0.0011 0
0.95865 0.0011 0
0.95975 0.0011 0
0.96085 0.0011 0
0.96195 0.0011 0
0.96305 0.0011 0
0.96415 0.0011 0
0.96525 0.0011 0
0.96635 0.0011 0
0.96745 0.0011 0
0.96855 0.0011 0
0.96965 0.0011 0
0.97075 0.0011 0
0.97185 0.0011 0
0.97295 0.0011 0
0.97405 0.0011 0
0.97515 0.0011 0
0.97625 0.0011 0
0.97735 0.0011 0
0.97845 0.0011 0
0.97955 0.0011 0
0.98065 0.0011 0
0.98175 0.0011 0
0.98285 0.0011 0
0.98395 0.0011 0
0.98505 0.0011 0
0.98615 0.0011 0
0.98725 0.0011 0
0.98835 0.0011 0
0.98945 0.0011 0
0.99055 0.0011 0
0.99165 0.0011 0
0.99275 0.0011 0
0.99385 0.0011 0
0.99495 0.0011 0
0.99605 0.0011 0
0.99715 0.0011 0
0.99825 0.0011 0
0.99935 0.0011 0
1.00045 0.0011 0
1.00155 0.0011 0
1.00265 0.0011 0
1.00375 0.0011 0
1.00485 0.0011 0
1.00595 0.0011 0
1.00705 0.0011 0
1.00815 0.0011 0
1.00925 0.0011 0
1.01035 0.0011 0
1.01145 0.0011 0
1.01255 0.0011 0
1.01365 0.0011 0
1.01475 0.0011 0
1.01585 0.0011 0
1.01695 0.0011 0
1.01805 0.0011 0
1.01915 0.0011 0
1.02025 0.0011 0
1.02135 0.0011 0
1.02245 0.0011 0
1.02355 0.0011 0
1.02465 0.0011 0
1.02575 0.0011 0
1.02685 0.0011 0
1.02795 0.0011 0
1.02905 0.0011 0
1.03015 0.0011 0
1.03125 0.0011 0
1.03235 0.0011 0
1.03345 0.0011 0
1.03455 0.0011 0
1.03565 0.0011 0
1.03675 0.0011 0
1.03785 0.0011 0
1.03895 0.0011 0
1.04005 0.0011 0
1.04115 0.0011 0
1.04225 0.0011 0
1.04335 0.0011 0
1.04445 0.0011 0
1.04555 0.0011 0
1.04665 0.0011 0
1.04775 0.0011 0
1.04885 0.0011 0
1.04995 0.0011 0
1.05105 0.0011 0
1.05215 0.0011 0
1.05325 0.0011 0
1.05435 0.0011 0
1.05545 0.0011 0
1.05655 0.0011 0
1.05765 0.0011 0
1.05875 0.0011 0
1.05985 0.0011 0
1.06095 0.0011 0
1.06205 0.0011 0
1.06315 0.0011 0
1.06425 0.0011 0
1.06535 0.0011 0
1.06645 0.0011 0
1.06755 0.0011 0
1.06865 0.0011 0
1.06975 0.0011 0
1.07085 0.0011 0
1.07195 0.0011 0
1.07305 0.0011 0
1.07415 0.0011 0
1.07525 0.0011 0
1.07635 0.0011 0
1.07745 0.0011 0
1.07855 0.0011 0
1.07965 0.0011 0
1.08075 0.0011 0
1.08185 0.0011 0
1.08295 0.0011 0
1.08405 0.0011 0
1.08515 0.0011 0
1.08625 0.0011 0
1.08735 0.0011 0
1.08845 0.0011 0
1.08955 0.0011 0
1.09065 0.0011 0
1.09175 0.0011 0
1.09285 0.0011 0
1.09395 0.0011 0
1.09505 0.0011 0
1.09615 0.0011 0
1.09725 0.0011 0
1.09835 0.0011 0
