# First line is two numbers 
#     First value is '2', it means 'histogram mode'
#     Second value is 'Emin' of the histogram
# Other lines : 2 columns. 1) energy 2) Bin Width 2) frequency (nb divided by NbEvent)
# Number of bins = 1000
# Content below the first bin: 0
# Content above the last  bin: 0
# Number of events: 2998998
2 0
0.00055 0.0011 241
0.00165 0.0011 352
0.00275 0.0011 370
0.00385 0.0011 346
0.00495 0.0011 350
0.00605 0.0011 355
0.00715 0.0011 388
0.00825 0.0011 354
0.00935 0.0011 370
0.01045 0.0011 357
0.01155 0.0011 395
0.01265 0.0011 396
0.01375 0.0011 405
0.01485 0.0011 412
0.01595 0.0011 392
0.01705 0.0011 392
0.01815 0.0011 427
0.01925 0.0011 381
0.02035 0.0011 370
0.02145 0.0011 407
0.02255 0.0011 392
0.02365 0.0011 419
0.02475 0.0011 397
0.02585 0.0011 396
0.02695 0.0011 403
0.02805 0.0011 384
0.02915 0.0011 421
0.03025 0.0011 424
0.03135 0.0011 386
0.03245 0.0011 383
0.03355 0.0011 407
0.03465 0.0011 374
0.03575 0.0011 402
0.03685 0.0011 405
0.03795 0.0011 398
0.03905 0.0011 371
0.04015 0.0011 384
0.04125 0.0011 354
0.04235 0.0011 365
0.04345 0.0011 410
0.04455 0.0011 403
0.04565 0.0011 375
0.04675 0.0011 395
0.04785 0.0011 421
0.04895 0.0011 414
0.05005 0.0011 408
0.05115 0.0011 392
0.05225 0.0011 371
0.05335 0.0011 366
0.05445 0.0011 397
0.05555 0.0011 391
0.05665 0.0011 391
0.05775 0.0011 350
0.05885 0.0011 391
0.05995 0.0011 387
0.06105 0.0011 382
0.06215 0.0011 380
0.06325 0.0011 397
0.06435 0.0011 403
0.06545 0.0011 376
0.06655 0.0011 377
0.06765 0.0011 375
0.06875 0.0011 364
0.06985 0.0011 398
0.07095 0.0011 370
0.07205 0.0011 380
0.07315 0.0011 416
0.07425 0.0011 385
0.07535 0.0011 406
0.07645 0.0011 347
0.07755 0.0011 394
0.07865 0.0011 382
0.07975 0.0011 363
0.08085 0.0011 396
0.08195 0.0011 373
0.08305 0.0011 383
0.08415 0.0011 366
0.08525 0.0011 385
0.08635 0.0011 389
0.08745 0.0011 360
0.08855 0.0011 362
0.08965 0.0011 346
0.09075 0.0011 404
0.09185 0.0011 399
0.09295 0.0011 373
0.09405 0.0011 371
0.09515 0.0011 370
0.09625 0.0011 389
0.09735 0.0011 378
0.09845 0.0011 344
0.09955 0.0011 394
0.10065 0.0011 392
0.10175 0.0011 371
0.10285 0.0011 351
0.10395 0.0011 380
0.10505 0.0011 386
0.10615 0.0011 396
0.10725 0.0011 362
0.10835 0.0011 351
0.10945 0.0011 364
0.11055 0.0011 360
0.11165 0.0011 359
0.11275 0.0011 356
0.11385 0.0011 378
0.11495 0.0011 348
0.11605 0.0011 387
0.11715 0.0011 387
0.11825 0.0011 381
0.11935 0.0011 338
0.12045 0.0011 391
0.12155 0.0011 386
0.12265 0.0011 376
0.12375 0.0011 358
0.12485 0.0011 389
0.12595 0.0011 380
0.12705 0.0011 356
0.12815 0.0011 350
0.12925 0.0011 346
0.13035 0.0011 385
0.13145 0.0011 379
0.13255 0.0011 338
0.13365 0.0011 330
0.13475 0.0011 362
0.13585 0.0011 364
0.13695 0.0011 353
0.13805 0.0011 338
0.13915 0.0011 342
0.14025 0.0011 352
0.14135 0.0011 417
0.14245 0.0011 371
0.14355 0.0011 341
0.14465 0.0011 349
0.14575 0.0011 350
0.14685 0.0011 355
0.14795 0.0011 341
0.14905 0.0011 351
0.15015 0.0011 354
0.15125 0.0011 398
0.15235 0.0011 344
0.15345 0.0011 338
0.15455 0.0011 389
0.15565 0.0011 358
0.15675 0.0011 346
0.15785 0.0011 384
0.15895 0.0011 395
0.16005 0.0011 360
0.16115 0.0011 316
0.16225 0.0011 350
0.16335 0.0011 337
0.16445 0.0011 365
0.16555 0.0011 346
0.16665 0.0011 340
0.16775 0.0011 399
0.16885 0.0011 377
0.16995 0.0011 390
0.17105 0.0011 344
0.17215 0.0011 373
0.17325 0.0011 349
0.17435 0.0011 376
0.17545 0.0011 394
0.17655 0.0011 376
0.17765 0.0011 387
0.17875 0.0011 432
0.17985 0.0011 412
0.18095 0.0011 448
0.18205 0.0011 393
0.18315 0.0011 406
0.18425 0.0011 415
0.18535 0.0011 416
0.18645 0.0011 411
0.18755 0.0011 402
0.18865 0.0011 408
0.18975 0.0011 408
0.19085 0.0011 383
0.19195 0.0011 361
0.19305 0.0011 358
0.19415 0.0011 399
0.19525 0.0011 377
0.19635 0.0011 373
0.19745 0.0011 390
0.19855 0.0011 351
0.19965 0.0011 388
0.20075 0.0011 370
0.20185 0.0011 407
0.20295 0.0011 416
0.20405 0.0011 387
0.20515 0.0011 364
0.20625 0.0011 395
0.20735 0.0011 385
0.20845 0.0011 382
0.20955 0.0011 386
0.21065 0.0011 362
0.21175 0.0011 351
0.21285 0.0011 345
0.21395 0.0011 359
0.21505 0.0011 368
0.21615 0.0011 362
0.21725 0.0011 387
0.21835 0.0011 392
0.21945 0.0011 381
0.22055 0.0011 378
0.22165 0.0011 355
0.22275 0.0011 384
0.22385 0.0011 389
0.22495 0.0011 347
0.22605 0.0011 395
0.22715 0.0011 371
0.22825 0.0011 366
0.22935 0.0011 410
0.23045 0.0011 436
0.23155 0.0011 375
0.23265 0.0011 389
0.23375 0.0011 396
0.23485 0.0011 351
0.23595 0.0011 376
0.23705 0.0011 360
0.23815 0.0011 388
0.23925 0.0011 355
0.24035 0.0011 361
0.24145 0.0011 395
0.24255 0.0011 376
0.24365 0.0011 395
0.24475 0.0011 377
0.24585 0.0011 355
0.24695 0.0011 387
0.24805 0.0011 349
0.24915 0.0011 371
0.25025 0.0011 386
0.25135 0.0011 374
0.25245 0.0011 361
0.25355 0.0011 366
0.25465 0.0011 382
0.25575 0.0011 372
0.25685 0.0011 372
0.25795 0.0011 362
0.25905 0.0011 369
0.26015 0.0011 350
0.26125 0.0011 393
0.26235 0.0011 369
0.26345 0.0011 383
0.26455 0.0011 375
0.26565 0.0011 401
0.26675 0.0011 381
0.26785 0.0011 354
0.26895 0.0011 373
0.27005 0.0011 374
0.27115 0.0011 373
0.27225 0.0011 375
0.27335 0.0011 374
0.27445 0.0011 336
0.27555 0.0011 398
0.27665 0.0011 418
0.27775 0.0011 381
0.27885 0.0011 372
0.27995 0.0011 395
0.28105 0.0011 394
0.28215 0.0011 409
0.28325 0.0011 396
0.28435 0.0011 379
0.28545 0.0011 388
0.28655 0.0011 423
0.28765 0.0011 391
0.28875 0.0011 425
0.28985 0.0011 400
0.29095 0.0011 408
0.29205 0.0011 411
0.29315 0.0011 385
0.29425 0.0011 373
0.29535 0.0011 423
0.29645 0.0011 411
0.29755 0.0011 420
0.29865 0.0011 397
0.29975 0.0011 390
0.30085 0.0011 357
0.30195 0.0011 394
0.30305 0.0011 388
0.30415 0.0011 388
0.30525 0.0011 367
0.30635 0.0011 360
0.30745 0.0011 431
0.30855 0.0011 404
0.30965 0.0011 391
0.31075 0.0011 400
0.31185 0.0011 422
0.31295 0.0011 421
0.31405 0.0011 445
0.31515 0.0011 404
0.31625 0.0011 421
0.31735 0.0011 420
0.31845 0.0011 396
0.31955 0.0011 398
0.32065 0.0011 410
0.32175 0.0011 412
0.32285 0.0011 438
0.32395 0.0011 425
0.32505 0.0011 414
0.32615 0.0011 431
0.32725 0.0011 412
0.32835 0.0011 399
0.32945 0.0011 443
0.33055 0.0011 407
0.33165 0.0011 451
0.33275 0.0011 449
0.33385 0.0011 470
0.33495 0.0011 439
0.33605 0.0011 442
0.33715 0.0011 421
0.33825 0.0011 473
0.33935 0.0011 491
0.34045 0.0011 446
0.34155 0.0011 485
0.34265 0.0011 429
0.34375 0.0011 454
0.34485 0.0011 431
0.34595 0.0011 460
0.34705 0.0011 499
0.34815 0.0011 444
0.34925 0.0011 481
0.35035 0.0011 472
0.35145 0.0011 482
0.35255 0.0011 487
0.35365 0.0011 498
0.35475 0.0011 484
0.35585 0.0011 481
0.35695 0.0011 489
0.35805 0.0011 474
0.35915 0.0011 492
0.36025 0.0011 483
0.36135 0.0011 547
0.36245 0.0011 461
0.36355 0.0011 538
0.36465 0.0011 520
0.36575 0.0011 526
0.36685 0.0011 559
0.36795 0.0011 505
0.36905 0.0011 530
0.37015 0.0011 549
0.37125 0.0011 552
0.37235 0.0011 616
0.37345 0.0011 543
0.37455 0.0011 624
0.37565 0.0011 547
0.37675 0.0011 519
0.37785 0.0011 531
0.37895 0.0011 577
0.38005 0.0011 557
0.38115 0.0011 592
0.38225 0.0011 548
0.38335 0.0011 613
0.38445 0.0011 618
0.38555 0.0011 587
0.38665 0.0011 590
0.38775 0.0011 616
0.38885 0.0011 643
0.38995 0.0011 622
0.39105 0.0011 651
0.39215 0.0011 663
0.39325 0.0011 654
0.39435 0.0011 661
0.39545 0.0011 670
0.39655 0.0011 651
0.39765 0.0011 691
0.39875 0.0011 711
0.39985 0.0011 677
0.40095 0.0011 674
0.40205 0.0011 747
0.40315 0.0011 737
0.40425 0.0011 689
0.40535 0.0011 769
0.40645 0.0011 742
0.40755 0.0011 777
0.40865 0.0011 749
0.40975 0.0011 761
0.41085 0.0011 799
0.41195 0.0011 746
0.41305 0.0011 785
0.41415 0.0011 801
0.41525 0.0011 819
0.41635 0.0011 809
0.41745 0.0011 745
0.41855 0.0011 791
0.41965 0.0011 659
0.42075 0.0011 653
0.42185 0.0011 541
0.42295 0.0011 513
0.42405 0.0011 462
0.42515 0.0011 420
0.42625 0.0011 408
0.42735 0.0011 399
0.42845 0.0011 348
0.42955 0.0011 347
0.43065 0.0011 380
0.43175 0.0011 345
0.43285 0.0011 354
0.43395 0.0011 335
0.43505 0.0011 322
0.43615 0.0011 334
0.43725 0.0011 309
0.43835 0.0011 301
0.43945 0.0011 299
0.44055 0.0011 305
0.44165 0.0011 303
0.44275 0.0011 280
0.44385 0.0011 288
0.44495 0.0011 293
0.44605 0.0011 264
0.44715 0.0011 238
0.44825 0.0011 258
0.44935 0.0011 264
0.45045 0.0011 251
0.45155 0.0011 242
0.45265 0.0011 221
0.45375 0.0011 236
0.45485 0.0011 222
0.45595 0.0011 236
0.45705 0.0011 192
0.45815 0.0011 188
0.45925 0.0011 204
0.46035 0.0011 237
0.46145 0.0011 212
0.46255 0.0011 197
0.46365 0.0011 187
0.46475 0.0011 184
0.46585 0.0011 174
0.46695 0.0011 147
0.46805 0.0011 174
0.46915 0.0011 166
0.47025 0.0011 148
0.47135 0.0011 151
0.47245 0.0011 119
0.47355 0.0011 140
0.47465 0.0011 134
0.47575 0.0011 142
0.47685 0.0011 114
0.47795 0.0011 121
0.47905 0.0011 104
0.48015 0.0011 116
0.48125 0.0011 109
0.48235 0.0011 95
0.48345 0.0011 101
0.48455 0.0011 101
0.48565 0.0011 89
0.48675 0.0011 95
0.48785 0.0011 63
0.48895 0.0011 81
0.49005 0.0011 72
0.49115 0.0011 66
0.49225 0.0011 59
0.49335 0.0011 52
0.49445 0.0011 54
0.49555 0.0011 44
0.49665 0.0011 55
0.49775 0.0011 60
0.49885 0.0011 42
0.49995 0.0011 41
0.50105 0.0011 37
0.50215 0.0011 43
0.50325 0.0011 46
0.50435 0.0011 32
0.50545 0.0011 33
0.50655 0.0011 36
0.50765 0.0011 32
0.50875 0.0011 34
0.50985 0.0011 31
0.51095 0.0011 24
0.51205 0.0011 26
0.51315 0.0011 25
0.51425 0.0011 18
0.51535 0.0011 15
0.51645 0.0011 19
0.51755 0.0011 18
0.51865 0.0011 15
0.51975 0.0011 11
0.52085 0.0011 8
0.52195 0.0011 17
0.52305 0.0011 18
0.52415 0.0011 11
0.52525 0.0011 17
0.52635 0.0011 17
0.52745 0.0011 14
0.52855 0.0011 6
0.52965 0.0011 19
0.53075 0.0011 13
0.53185 0.0011 14
0.53295 0.0011 14
0.53405 0.0011 12
0.53515 0.0011 16
0.53625 0.0011 11
0.53735 0.0011 8
0.53845 0.0011 11
0.53955 0.0011 19
0.54065 0.0011 12
0.54175 0.0011 12
0.54285 0.0011 11
0.54395 0.0011 8
0.54505 0.0011 11
0.54615 0.0011 9
0.54725 0.0011 5
0.54835 0.0011 2
0.54945 0.0011 8
0.55055 0.0011 5
0.55165 0.0011 10
0.55275 0.0011 6
0.55385 0.0011 14
0.55495 0.0011 12
0.55605 0.0011 9
0.55715 0.0011 14
0.55825 0.0011 7
0.55935 0.0011 5
0.56045 0.0011 12
0.56155 0.0011 5
0.56265 0.0011 9
0.56375 0.0011 8
0.56485 0.0011 7
0.56595 0.0011 6
0.56705 0.0011 14
0.56815 0.0011 6
0.56925 0.0011 7
0.57035 0.0011 14
0.57145 0.0011 8
0.57255 0.0011 9
0.57365 0.0011 10
0.57475 0.0011 8
0.57585 0.0011 5
0.57695 0.0011 7
0.57805 0.0011 11
0.57915 0.0011 6
0.58025 0.0011 8
0.58135 0.0011 4
0.58245 0.0011 7
0.58355 0.0011 2
0.58465 0.0011 5
0.58575 0.0011 6
0.58685 0.0011 4
0.58795 0.0011 5
0.58905 0.0011 6
0.59015 0.0011 4
0.59125 0.0011 3
0.59235 0.0011 5
0.59345 0.0011 3
0.59455 0.0011 4
0.59565 0.0011 4
0.59675 0.0011 5
0.59785 0.0011 2
0.59895 0.0011 6
0.60005 0.0011 91966
0.60115 0.0011 0
0.60225 0.0011 0
0.60335 0.0011 0
0.60445 0.0011 0
0.60555 0.0011 0
0.60665 0.0011 0
0.60775 0.0011 0
0.60885 0.0011 0
0.60995 0.0011 0
0.61105 0.0011 0
0.61215 0.0011 0
0.61325 0.0011 0
0.61435 0.0011 0
0.61545 0.0011 0
0.61655 0.0011 0
0.61765 0.0011 0
0.61875 0.0011 0
0.61985 0.0011 0
0.62095 0.0011 0
0.62205 0.0011 0
0.62315 0.0011 0
0.62425 0.0011 0
0.62535 0.0011 0
0.62645 0.0011 0
0.62755 0.0011 0
0.62865 0.0011 0
0.62975 0.0011 0
0.63085 0.0011 0
0.63195 0.0011 0
0.63305 0.0011 0
0.63415 0.0011 0
0.63525 0.0011 0
0.63635 0.0011 0
0.63745 0.0011 0
0.63855 0.0011 0
0.63965 0.0011 0
0.64075 0.0011 0
0.64185 0.0011 0
0.64295 0.0011 0
0.64405 0.0011 0
0.64515 0.0011 0
0.64625 0.0011 0
0.64735 0.0011 0
0.64845 0.0011 0
0.64955 0.0011 0
0.65065 0.0011 0
0.65175 0.0011 0
0.65285 0.0011 0
0.65395 0.0011 0
0.65505 0.0011 0
0.65615 0.0011 0
0.65725 0.0011 0
0.65835 0.0011 0
0.65945 0.0011 0
0.66055 0.0011 0
0.66165 0.0011 0
0.66275 0.0011 0
0.66385 0.0011 0
0.66495 0.0011 0
0.66605 0.0011 0
0.66715 0.0011 0
0.66825 0.0011 0
0.66935 0.0011 0
0.67045 0.0011 0
0.67155 0.0011 0
0.67265 0.0011 0
0.67375 0.0011 0
0.67485 0.0011 0
0.67595 0.0011 0
0.67705 0.0011 0
0.67815 0.0011 0
0.67925 0.0011 0
0.68035 0.0011 0
0.68145 0.0011 0
0.68255 0.0011 0
0.68365 0.0011 0
0.68475 0.0011 0
0.68585 0.0011 0
0.68695 0.0011 0
0.68805 0.0011 0
0.68915 0.0011 0
0.69025 0.0011 0
0.69135 0.0011 0
0.69245 0.0011 0
0.69355 0.0011 0
0.69465 0.0011 0
0.69575 0.0011 0
0.69685 0.0011 0
0.69795 0.0011 0
0.69905 0.0011 0
0.70015 0.0011 0
0.70125 0.0011 0
0.70235 0.0011 0
0.70345 0.0011 0
0.70455 0.0011 0
0.70565 0.0011 0
0.70675 0.0011 0
0.70785 0.0011 0
0.70895 0.0011 0
0.71005 0.0011 0
0.71115 0.0011 0
0.71225 0.0011 0
0.71335 0.0011 0
0.71445 0.0011 0
0.71555 0.0011 0
0.71665 0.0011 0
0.71775 0.0011 0
0.71885 0.0011 0
0.71995 0.0011 0
0.72105 0.0011 0
0.72215 0.0011 0
0.72325 0.0011 0
0.72435 0.0011 0
0.72545 0.0011 0
0.72655 0.0011 0
0.72765 0.0011 0
0.72875 0.0011 0
0.72985 0.0011 0
0.73095 0.0011 0
0.73205 0.0011 0
0.73315 0.0011 0
0.73425 0.0011 0
0.73535 0.0011 0
0.73645 0.0011 0
0.73755 0.0011 0
0.73865 0.0011 0
0.73975 0.0011 0
0.74085 0.0011 0
0.74195 0.0011 0
0.74305 0.0011 0
0.74415 0.0011 0
0.74525 0.0011 0
0.74635 0.0011 0
0.74745 0.0011 0
0.74855 0.0011 0
0.74965 0.0011 0
0.75075 0.0011 0
0.75185 0.0011 0
0.75295 0.0011 0
0.75405 0.0011 0
0.75515 0.0011 0
0.75625 0.0011 0
0.75735 0.0011 0
0.75845 0.0011 0
0.75955 0.0011 0
0.76065 0.0011 0
0.76175 0.0011 0
0.76285 0.0011 0
0.76395 0.0011 0
0.76505 0.0011 0
0.76615 0.0011 0
0.76725 0.0011 0
0.76835 0.0011 0
0.76945 0.0011 0
0.77055 0.0011 0
0.77165 0.0011 0
0.77275 0.0011 0
0.77385 0.0011 0
0.77495 0.0011 0
0.77605 0.0011 0
0.77715 0.0011 0
0.77825 0.0011 0
0.77935 0.0011 0
0.78045 0.0011 0
0.78155 0.0011 0
0.78265 0.0011 0
0.78375 0.0011 0
0.78485 0.0011 0
0.78595 0.0011 0
0.78705 0.0011 0
0.78815 0.0011 0
0.78925 0.0011 0
0.79035 0.0011 0
0.79145 0.0011 0
0.79255 0.0011 0
0.79365 0.0011 0
0.79475 0.0011 0
0.79585 0.0011 0
0.79695 0.0011 0
0.79805 0.0011 0
0.79915 0.0011 0
0.80025 0.0011 0
0.80135 0.0011 0
0.80245 0.0011 0
0.80355 0.0011 0
0.80465 0.0011 0
0.80575 0.0011 0
0.80685 0.0011 0
0.80795 0.0011 0
0.80905 0.0011 0
0.81015 0.0011 0
0.81125 0.0011 0
0.81235 0.0011 0
0.81345 0.0011 0
0.81455 0.0011 0
0.81565 0.0011 0
0.81675 0.0011 0
0.81785 0.0011 0
0.81895 0.0011 0
0.82005 0.0011 0
0.82115 0.0011 0
0.82225 0.0011 0
0.82335 0.0011 0
0.82445 0.0011 0
0.82555 0.0011 0
0.82665 0.0011 0
0.82775 0.0011 0
0.82885 0.0011 0
0.82995 0.0011 0
0.83105 0.0011 0
0.83215 0.0011 0
0.83325 0.0011 0
0.83435 0.0011 0
0.83545 0.0011 0
0.83655 0.0011 0
0.83765 0.0011 0
0.83875 0.0011 0
0.83985 0.0011 0
0.84095 0.0011 0
0.84205 0.0011 0
0.84315 0.0011 0
0.84425 0.0011 0
0.84535 0.0011 0
0.84645 0.0011 0
0.84755 0.0011 0
0.84865 0.0011 0
0.84975 0.0011 0
0.85085 0.0011 0
0.85195 0.0011 0
0.85305 0.0011 0
0.85415 0.0011 0
0.85525 0.0011 0
0.85635 0.0011 0
0.85745 0.0011 0
0.85855 0.0011 0
0.85965 0.0011 0
0.86075 0.0011 0
0.86185 0.0011 0
0.86295 0.0011 0
0.86405 0.0011 0
0.86515 0.0011 0
0.86625 0.0011 0
0.86735 0.0011 0
0.86845 0.0011 0
0.86955 0.0011 0
0.87065 0.0011 0
0.87175 0.0011 0
0.87285 0.0011 0
0.87395 0.0011 0
0.87505 0.0011 0
0.87615 0.0011 0
0.87725 0.0011 0
0.87835 0.0011 0
0.87945 0.0011 0
0.88055 0.0011 0
0.88165 0.0011 0
0.88275 0.0011 0
0.88385 0.0011 0
0.88495 0.0011 0
0.88605 0.0011 0
0.88715 0.0011 0
0.88825 0.0011 0
0.88935 0.0011 0
0.89045 0.0011 0
0.89155 0.0011 0
0.89265 0.0011 0
0.89375 0.0011 0
0.89485 0.0011 0
0.89595 0.0011 0
0.89705 0.0011 0
0.89815 0.0011 0
0.89925 0.0011 0
0.90035 0.0011 0
0.90145 0.0011 0
0.90255 0.0011 0
0.90365 0.0011 0
0.90475 0.0011 0
0.90585 0.0011 0
0.90695 0.0011 0
0.90805 0.0011 0
0.90915 0.0011 0
0.91025 0.0011 0
0.91135 0.0011 0
0.91245 0.0011 0
0.91355 0.0011 0
0.91465 0.0011 0
0.91575 0.0011 0
0.91685 0.0011 0
0.91795 0.0011 0
0.91905 0.0011 0
0.92015 0.0011 0
0.92125 0.0011 0
0.92235 0.0011 0
0.92345 0.0011 0
0.92455 0.0011 0
0.92565 0.0011 0
0.92675 0.0011 0
0.92785 0.0011 0
0.92895 0.0011 0
0.93005 0.0011 0
0.93115 0.0011 0
0.93225 0.0011 0
0.93335 0.0011 0
0.93445 0.0011 0
0.93555 0.0011 0
0.93665 0.0011 0
0.93775 0.0011 0
0.93885 0.0011 0
0.93995 0.0011 0
0.94105 0.0011 0
0.94215 0.0011 0
0.94325 0.0011 0
0.94435 0.0011 0
0.94545 0.0011 0
0.94655 0.0011 0
0.94765 0.0011 0
0.94875 0.0011 0
0.94985 0.0011 0
0.95095 0.0011 0
0.95205 0.0011 0
0.95315 0.0011 0
0.95425 0.0011 0
0.95535 0.0011 0
0.95645 0.0011 0
0.95755 0.0011 0
0.95865 0.0011 0
0.95975 0.0011 0
0.96085 0.0011 0
0.96195 0.0011 0
0.96305 0.0011 0
0.96415 0.0011 0
0.96525 0.0011 0
0.96635 0.0011 0
0.96745 0.0011 0
0.96855 0.0011 0
0.96965 0.0011 0
0.97075 0.0011 0
0.97185 0.0011 0
0.97295 0.0011 0
0.97405 0.0011 0
0.97515 0.0011 0
0.97625 0.0011 0
0.97735 0.0011 0
0.97845 0.0011 0
0.97955 0.0011 0
0.98065 0.0011 0
0.98175 0.0011 0
0.98285 0.0011 0
0.98395 0.0011 0
0.98505 0.0011 0
0.98615 0.0011 0
0.98725 0.0011 0
0.98835 0.0011 0
0.98945 0.0011 0
0.99055 0.0011 0
0.99165 0.0011 0
0.99275 0.0011 0
0.99385 0.0011 0
0.99495 0.0011 0
0.99605 0.0011 0
0.99715 0.0011 0
0.99825 0.0011 0
0.99935 0.0011 0
1.00045 0.0011 0
1.00155 0.0011 0
1.00265 0.0011 0
1.00375 0.0011 0
1.00485 0.0011 0
1.00595 0.0011 0
1.00705 0.0011 0
1.00815 0.0011 0
1.00925 0.0011 0
1.01035 0.0011 0
1.01145 0.0011 0
1.01255 0.0011 0
1.01365 0.0011 0
1.01475 0.0011 0
1.01585 0.0011 0
1.01695 0.0011 0
1.01805 0.0011 0
1.01915 0.0011 0
1.02025 0.0011 0
1.02135 0.0011 0
1.02245 0.0011 0
1.02355 0.0011 0
1.02465 0.0011 0
1.02575 0.0011 0
1.02685 0.0011 0
1.02795 0.0011 0
1.02905 0.0011 0
1.03015 0.0011 0
1.03125 0.0011 0
1.03235 0.0011 0
1.03345 0.0011 0
1.03455 0.0011 0
1.03565 0.0011 0
1.03675 0.0011 0
1.03785 0.0011 0
1.03895 0.0011 0
1.04005 0.0011 0
1.04115 0.0011 0
1.04225 0.0011 0
1.04335 0.0011 0
1.04445 0.0011 0
1.04555 0.0011 0
1.04665 0.0011 0
1.04775 0.0011 0
1.04885 0.0011 0
1.04995 0.0011 0
1.05105 0.0011 0
1.05215 0.0011 0
1.05325 0.0011 0
1.05435 0.0011 0
1.05545 0.0011 0
1.05655 0.0011 0
1.05765 0.0011 0
1.05875 0.0011 0
1.05985 0.0011 0
1.06095 0.0011 0
1.06205 0.0011 0
1.06315 0.0011 0
1.06425 0.0011 0
1.06535 0.0011 0
1.06645 0.0011 0
1.06755 0.0011 0
1.06865 0.0011 0
1.06975 0.0011 0
1.07085 0.0011 0
1.07195 0.0011 0
1.07305 0.0011 0
1.07415 0.0011 0
1.07525 0.0011 0
1.07635 0.0011 0
1.07745 0.0011 0
1.07855 0.0011 0
1.07965 0.0011 0
1.08075 0.0011 0
1.08185 0.0011 0
1.08295 0.0011 0
1.08405 0.0011 0
1.08515 0.0011 0
1.08625 0.0011 0
1.08735 0.0011 0
1.08845 0.0011 0
1.08955 0.0011 0
1.09065 0.0011 0
1.09175 0.0011 0
1.09285 0.0011 0
1.09395 0.0011 0
1.09505 0.0011 0
1.09615 0.0011 0
1.09725 0.0011 0
1.09835 0.0011 0
