# First line is two numbers 
#     First value is '2', it means 'histogram mode'
#     Second value is 'Emin' of the histogram
# Other lines : 2 columns. 1) energy 2) Bin Width 2) frequency (nb divided by NbEvent)
# Number of bins = 1000
# Content below the first bin: 0
# Content above the last  bin: 0
# Number of events: 2997510
2 0
0.00055 0.0011 0.0240217
0.00165 0.0011 0.075085
0.00275 0.0011 0.146168
0.00385 0.0011 0.250829
0.00495 0.0011 0.342908
0.00605 0.0011 0.321113
0.00715 0.0011 0.621147
0.00825 0.0011 0.604594
0.00935 0.0011 0.779344
0.01045 0.0011 0.919986
0.01155 0.0011 1.02538
0.01265 0.0011 1.34208
0.01375 0.0011 1.32478
0.01485 0.0011 1.56855
0.01595 0.0011 1.78057
0.01705 0.0011 1.80369
0.01815 0.0011 1.85951
0.01925 0.0011 1.89968
0.02035 0.0011 2.02268
0.02145 0.0011 3.22198
0.02255 0.0011 2.62118
0.02365 0.0011 3.04115
0.02475 0.0011 3.54098
0.02585 0.0011 3.01093
0.02695 0.0011 3.35218
0.02805 0.0011 4.08137
0.02915 0.0011 4.21219
0.03025 0.0011 3.56394
0.03135 0.0011 3.58675
0.03245 0.0011 4.52968
0.03355 0.0011 4.47188
0.03465 0.0011 4.33694
0.03575 0.0011 4.769
0.03685 0.0011 4.90111
0.03795 0.0011 4.81003
0.03905 0.0011 5.05924
0.04015 0.0011 5.07413
0.04125 0.0011 5.77155
0.04235 0.0011 5.79236
0.04345 0.0011 5.14106
0.04455 0.0011 5.17863
0.04565 0.0011 5.03567
0.04675 0.0011 4.51823
0.04785 0.0011 4.96148
0.04895 0.0011 5.12477
0.05005 0.0011 4.45966
0.05115 0.0011 5.28699
0.05225 0.0011 4.69207
0.05335 0.0011 5.47937
0.05445 0.0011 4.81339
0.05555 0.0011 4.87386
0.05665 0.0011 5.94743
0.05775 0.0011 6.38137
0.05885 0.0011 5.26031
0.05995 0.0011 7.37001
0.06105 0.0011 5.24829
0.06215 0.0011 7.23028
0.06325 0.0011 6.57966
0.06435 0.0011 6.9455
0.06545 0.0011 7.63821
0.06655 0.0011 7.38416
0.06765 0.0011 9.11435
0.06875 0.0011 8.81815
0.06985 0.0011 8.59449
0.07095 0.0011 9.49383
0.07205 0.0011 11.6147
0.07315 0.0011 11.9732
0.07425 0.0011 11.3414
0.07535 0.0011 11.359
0.07645 0.0011 13.2337
0.07755 0.0011 14.1262
0.07865 0.0011 14.6455
0.07975 0.0011 15.6686
0.08085 0.0011 18.1015
0.08195 0.0011 19.0303
0.08305 0.0011 20.2129
0.08415 0.0011 20.2948
0.08525 0.0011 23.9583
0.08635 0.0011 20.8988
0.08745 0.0011 25.456
0.08855 0.0011 27.9384
0.08965 0.0011 30.0601
0.09075 0.0011 26.0999
0.09185 0.0011 30.8086
0.09295 0.0011 30.3804
0.09405 0.0011 31.2078
0.09515 0.0011 35.6023
0.09625 0.0011 33.2256
0.09735 0.0011 33.0803
0.09845 0.0011 39.801
0.09955 0.0011 41.9549
0.10065 0.0011 43.0842
0.10175 0.0011 41.7212
0.10285 0.0011 47.0742
0.10395 0.0011 44.8254
0.10505 0.0011 47.6774
0.10615 0.0011 49.8209
0.10725 0.0011 55.0215
0.10835 0.0011 52.241
0.10945 0.0011 53.4624
0.11055 0.0011 55.7989
0.11165 0.0011 54.5321
0.11275 0.0011 54.075
0.11385 0.0011 65.0214
0.11495 0.0011 58.2163
0.11605 0.0011 64.7157
0.11715 0.0011 61.3439
0.11825 0.0011 70.1588
0.11935 0.0011 64.7545
0.12045 0.0011 73.7863
0.12155 0.0011 70.0717
0.12265 0.0011 68.0973
0.12375 0.0011 75.046
0.12485 0.0011 80.3747
0.12595 0.0011 75.2946
0.12705 0.0011 81.833
0.12815 0.0011 78.0226
0.12925 0.0011 83.5457
0.13035 0.0011 75.2413
0.13145 0.0011 74.7545
0.13255 0.0011 78.3889
0.13365 0.0011 81.1297
0.13475 0.0011 80.9531
0.13585 0.0011 79.5659
0.13695 0.0011 82.5659
0.13805 0.0011 82.2588
0.13915 0.0011 82.2699
0.14025 0.0011 83.679
0.14135 0.0011 79.6692
0.14245 0.0011 85.7145
0.14355 0.0011 82.0778
0.14465 0.0011 83.9384
0.14575 0.0011 75.6568
0.14685 0.0011 78.4735
0.14795 0.0011 87.5488
0.14905 0.0011 81.0909
0.15015 0.0011 78.6011
0.15125 0.0011 75.3732
0.15235 0.0011 81.464
0.15345 0.0011 76.7849
0.15455 0.0011 80.2442
0.15565 0.0011 83.1357
0.15675 0.0011 82.4738
0.15785 0.0011 78.8218
0.15895 0.0011 79.3037
0.16005 0.0011 76.3652
0.16115 0.0011 80.8214
0.16225 0.0011 84.1404
0.16335 0.0011 75.1599
0.16445 0.0011 76.7705
0.16555 0.0011 76.4463
0.16665 0.0011 75.8078
0.16775 0.0011 79.2648
0.16885 0.0011 76.1511
0.16995 0.0011 77.332
0.17105 0.0011 81.0314
0.17215 0.0011 83.5545
0.17325 0.0011 78.4279
0.17435 0.0011 75.9028
0.17545 0.0011 75.4337
0.17655 0.0011 74.8024
0.17765 0.0011 70.5411
0.17875 0.0011 80.8032
0.17985 0.0011 77.3163
0.18095 0.0011 75.552
0.18205 0.0011 76.8147
0.18315 0.0011 79.3323
0.18425 0.0011 78.4106
0.18535 0.0011 77.2866
0.18645 0.0011 80.9972
0.18755 0.0011 79.9055
0.18865 0.0011 77.8067
0.18975 0.0011 77.7596
0.19085 0.0011 80.5933
0.19195 0.0011 78.3582
0.19305 0.0011 79.3852
0.19415 0.0011 80.5907
0.19525 0.0011 85.3121
0.19635 0.0011 82.3247
0.19745 0.0011 90.0822
0.19855 0.0011 87.0482
0.19965 0.0011 97.7945
0.20075 0.0011 101.624
0.20185 0.0011 105.001
0.20295 0.0011 115.479
0.20405 0.0011 109.018
0.20515 0.0011 107.538
0.20625 0.0011 112.131
0.20735 0.0011 109.279
0.20845 0.0011 111.442
0.20955 0.0011 111.333
0.21065 0.0011 101.755
0.21175 0.0011 108.058
0.21285 0.0011 103.282
0.21395 0.0011 98.6879
0.21505 0.0011 98.3455
0.21615 0.0011 101.405
0.21725 0.0011 107.388
0.21835 0.0011 103.423
0.21945 0.0011 100.389
0.22055 0.0011 95.7133
0.22165 0.0011 94.1993
0.22275 0.0011 106.253
0.22385 0.0011 93.0373
0.22495 0.0011 87.7627
0.22605 0.0011 90.2248
0.22715 0.0011 85.8906
0.22825 0.0011 92.7771
0.22935 0.0011 96.4143
0.23045 0.0011 96.8728
0.23155 0.0011 90.6426
0.23265 0.0011 89.5644
0.23375 0.0011 91.3053
0.23485 0.0011 88.8468
0.23595 0.0011 85.2061
0.23705 0.0011 90.3269
0.23815 0.0011 77.5791
0.23925 0.0011 83.4821
0.24035 0.0011 82.9082
0.24145 0.0011 80.1268
0.24255 0.0011 78.8294
0.24365 0.0011 83.0987
0.24475 0.0011 78.446
0.24585 0.0011 83.163
0.24695 0.0011 84.2118
0.24805 0.0011 78.3555
0.24915 0.0011 81.1028
0.25025 0.0011 77.0846
0.25135 0.0011 76.6177
0.25245 0.0011 80.2915
0.25355 0.0011 79.6695
0.25465 0.0011 84.6175
0.25575 0.0011 77.3152
0.25685 0.0011 75.4919
0.25795 0.0011 81.7838
0.25905 0.0011 74.0356
0.26015 0.0011 75.1894
0.26125 0.0011 74.9553
0.26235 0.0011 75.5567
0.26345 0.0011 73.4315
0.26455 0.0011 73.269
0.26565 0.0011 68.7587
0.26675 0.0011 77.7591
0.26785 0.0011 76.7144
0.26895 0.0011 67.7443
0.27005 0.0011 67.8835
0.27115 0.0011 80.0993
0.27225 0.0011 68.9329
0.27335 0.0011 73.6512
0.27445 0.0011 71.6019
0.27555 0.0011 68.1247
0.27665 0.0011 74.9542
0.27775 0.0011 63.4492
0.27885 0.0011 70.4863
0.27995 0.0011 65.0263
0.28105 0.0011 69.0062
0.28215 0.0011 69.915
0.28325 0.0011 68.3388
0.28435 0.0011 65.5787
0.28545 0.0011 63.6502
0.28655 0.0011 65.5486
0.28765 0.0011 63.9439
0.28875 0.0011 66.7638
0.28985 0.0011 67.3954
0.29095 0.0011 60.9293
0.29205 0.0011 62.0019
0.29315 0.0011 65.0565
0.29425 0.0011 60.7466
0.29535 0.0011 63.5869
0.29645 0.0011 61.8544
0.29755 0.0011 63.2023
0.29865 0.0011 61.337
0.29975 0.0011 67.3253
0.30085 0.0011 63.2265
0.30195 0.0011 67.4353
0.30305 0.0011 62.0706
0.30415 0.0011 58.7386
0.30525 0.0011 58.2934
0.30635 0.0011 60.2427
0.30745 0.0011 60.3003
0.30855 0.0011 63.3436
0.30965 0.0011 57.9869
0.31075 0.0011 59.8698
0.31185 0.0011 62.3571
0.31295 0.0011 62.2357
0.31405 0.0011 62.8138
0.31515 0.0011 57.4076
0.31625 0.0011 56.6663
0.31735 0.0011 60.1521
0.31845 0.0011 57.7055
0.31955 0.0011 61.2744
0.32065 0.0011 58.2245
0.32175 0.0011 55.6523
0.32285 0.0011 58.8742
0.32395 0.0011 60.9321
0.32505 0.0011 53.442
0.32615 0.0011 55.8623
0.32725 0.0011 56.8791
0.32835 0.0011 52.4396
0.32945 0.0011 56.7256
0.33055 0.0011 60.0928
0.33165 0.0011 53.6696
0.33275 0.0011 52.6921
0.33385 0.0011 57.6765
0.33495 0.0011 60.6486
0.33605 0.0011 54.2374
0.33715 0.0011 56.8887
0.33825 0.0011 53.9149
0.33935 0.0011 55.2527
0.34045 0.0011 55.4044
0.34155 0.0011 52.0811
0.34265 0.0011 57.6953
0.34375 0.0011 52.1626
0.34485 0.0011 52.1893
0.34595 0.0011 55.6545
0.34705 0.0011 53.2879
0.34815 0.0011 52.7754
0.34925 0.0011 48.4273
0.35035 0.0011 52.5894
0.35145 0.0011 56.0432
0.35255 0.0011 52.7117
0.35365 0.0011 51.4015
0.35475 0.0011 52.985
0.35585 0.0011 52.8168
0.35695 0.0011 57.3109
0.35805 0.0011 53.5931
0.35915 0.0011 51.0283
0.36025 0.0011 52.2505
0.36135 0.0011 55.9074
0.36245 0.0011 56.2426
0.36355 0.0011 54.4129
0.36465 0.0011 51.6976
0.36575 0.0011 48.6535
0.36685 0.0011 53.0022
0.36795 0.0011 56.901
0.36905 0.0011 48.7818
0.37015 0.0011 50.4394
0.37125 0.0011 49.8646
0.37235 0.0011 54.3746
0.37345 0.0011 49.2393
0.37455 0.0011 52.1044
0.37565 0.0011 48.0622
0.37675 0.0011 51.157
0.37785 0.0011 50.1897
0.37895 0.0011 46.7812
0.38005 0.0011 47.0688
0.38115 0.0011 54.2918
0.38225 0.0011 51.1085
0.38335 0.0011 48.9277
0.38445 0.0011 50.1231
0.38555 0.0011 48.0892
0.38665 0.0011 50.9746
0.38775 0.0011 45.7311
0.38885 0.0011 51.1233
0.38995 0.0011 57.9656
0.39105 0.0011 52.887
0.39215 0.0011 50.4709
0.39325 0.0011 46.4448
0.39435 0.0011 48.0083
0.39545 0.0011 47.2982
0.39655 0.0011 50.0602
0.39765 0.0011 50.1073
0.39875 0.0011 49.2763
0.39985 0.0011 47.3962
0.40095 0.0011 50.1413
0.40205 0.0011 50.3025
0.40315 0.0011 42.8771
0.40425 0.0011 50.8394
0.40535 0.0011 48.8967
0.40645 0.0011 49.7563
0.40755 0.0011 58.095
0.40865 0.0011 43.4087
0.40975 0.0011 48.9148
0.41085 0.0011 49.871
0.41195 0.0011 45.8611
0.41305 0.0011 49.043
0.41415 0.0011 45.0582
0.41525 0.0011 49.2011
0.41635 0.0011 51.4615
0.41745 0.0011 48.4139
0.41855 0.0011 48.3688
0.41965 0.0011 45.1477
0.42075 0.0011 47.5527
0.42185 0.0011 45.5681
0.42295 0.0011 51.2274
0.42405 0.0011 49.6863
0.42515 0.0011 46.9977
0.42625 0.0011 52.9344
0.42735 0.0011 50.6631
0.42845 0.0011 51.052
0.42955 0.0011 41.8596
0.43065 0.0011 45.497
0.43175 0.0011 50.9253
0.43285 0.0011 49.4494
0.43395 0.0011 44.8986
0.43505 0.0011 53.3562
0.43615 0.0011 49.1298
0.43725 0.0011 51.4027
0.43835 0.0011 43.1983
0.43945 0.0011 52.089
0.44055 0.0011 48.1223
0.44165 0.0011 48.8218
0.44275 0.0011 51.3538
0.44385 0.0011 53.0338
0.44495 0.0011 48.2227
0.44605 0.0011 50.3478
0.44715 0.0011 56.8235
0.44825 0.0011 43.2609
0.44935 0.0011 48.5393
0.45045 0.0011 49.0534
0.45155 0.0011 51.9237
0.45265 0.0011 48.8897
0.45375 0.0011 47.2717
0.45485 0.0011 48.6497
0.45595 0.0011 46.736
0.45705 0.0011 47.8533
0.45815 0.0011 41.4158
0.45925 0.0011 53.7582
0.46035 0.0011 50.5365
0.46145 0.0011 52.5671
0.46255 0.0011 44.7165
0.46365 0.0011 40.4116
0.46475 0.0011 45.9619
0.46585 0.0011 49.7015
0.46695 0.0011 48.2196
0.46805 0.0011 54.0497
0.46915 0.0011 45.1518
0.47025 0.0011 47.4516
0.47135 0.0011 45.8582
0.47245 0.0011 50.3135
0.47355 0.0011 43.7144
0.47465 0.0011 47.654
0.47575 0.0011 48.8945
0.47685 0.0011 47.5443
0.47795 0.0011 51.2869
0.47905 0.0011 48.1851
0.48015 0.0011 45.0011
0.48125 0.0011 45.238
0.48235 0.0011 48.3187
0.48345 0.0011 45.9855
0.48455 0.0011 45.7187
0.48565 0.0011 44.2766
0.48675 0.0011 46.4716
0.48785 0.0011 48.2861
0.48895 0.0011 46.7951
0.49005 0.0011 48.4978
0.49115 0.0011 52.2885
0.49225 0.0011 48.3439
0.49335 0.0011 44.8644
0.49445 0.0011 46.5727
0.49555 0.0011 46.0403
0.49665 0.0011 48.0188
0.49775 0.0011 44.9386
0.49885 0.0011 51.5396
0.49995 0.0011 52.0251
0.50105 0.0011 51.0649
0.50215 0.0011 45.802
0.50325 0.0011 48.959
0.50435 0.0011 39.8182
0.50545 0.0011 52.2929
0.50655 0.0011 50.214
0.50765 0.0011 45.7116
0.50875 0.0011 51.0676
0.50985 0.0011 49.8019
0.51095 0.0011 48.1162
0.51205 0.0011 45.1259
0.51315 0.0011 54.6031
0.51425 0.0011 51.5076
0.51535 0.0011 52.8018
0.51645 0.0011 45.3648
0.51755 0.0011 44.689
0.51865 0.0011 47.3535
0.51975 0.0011 50.745
0.52085 0.0011 43.2885
0.52195 0.0011 43.3002
0.52305 0.0011 56.4464
0.52415 0.0011 49.7767
0.52525 0.0011 42.6174
0.52635 0.0011 46.0489
0.52745 0.0011 43.4094
0.52855 0.0011 51.5892
0.52965 0.0011 48.0566
0.53075 0.0011 56.2069
0.53185 0.0011 44.4059
0.53295 0.0011 51.0772
0.53405 0.0011 52.8667
0.53515 0.0011 49.8276
0.53625 0.0011 49.981
0.53735 0.0011 46.8618
0.53845 0.0011 45.488
0.53955 0.0011 43.9229
0.54065 0.0011 51.7618
0.54175 0.0011 54.5522
0.54285 0.0011 49.8344
0.54395 0.0011 50.6368
0.54505 0.0011 52.9222
0.54615 0.0011 45.8427
0.54725 0.0011 49.7351
0.54835 0.0011 52.6998
0.54945 0.0011 53.1868
0.55055 0.0011 53.1134
0.55165 0.0011 47.7037
0.55275 0.0011 44.3264
0.55385 0.0011 46.2528
0.55495 0.0011 47.5967
0.55605 0.0011 56.0335
0.55715 0.0011 43.9287
0.55825 0.0011 46.8329
0.55935 0.0011 48.8845
0.56045 0.0011 47.0022
0.56155 0.0011 46.1629
0.56265 0.0011 51.7521
0.56375 0.0011 47.9866
0.56485 0.0011 51.8514
0.56595 0.0011 49.7896
0.56705 0.0011 53.1087
0.56815 0.0011 50.5614
0.56925 0.0011 55.016
0.57035 0.0011 50.3543
0.57145 0.0011 49.5771
0.57255 0.0011 51.2545
0.57365 0.0011 48.5939
0.57475 0.0011 51.2935
0.57585 0.0011 48.2404
0.57695 0.0011 44.6706
0.57805 0.0011 47.063
0.57915 0.0011 45.5877
0.58025 0.0011 50.5512
0.58135 0.0011 52.5949
0.58245 0.0011 46.5511
0.58355 0.0011 51.5509
0.58465 0.0011 56.0434
0.58575 0.0011 49.4909
0.58685 0.0011 45.6878
0.58795 0.0011 43.3822
0.58905 0.0011 44.9402
0.59015 0.0011 48.291
0.59125 0.0011 49.7669
0.59235 0.0011 47.8026
0.59345 0.0011 57.5062
0.59455 0.0011 43.4126
0.59565 0.0011 49.0668
0.59675 0.0011 53.9671
0.59785 0.0011 54.5969
0.59895 0.0011 46.5363
0.60005 0.0011 50.746
0.60115 0.0011 54.704
0.60225 0.0011 45.9695
0.60335 0.0011 54.3671
0.60445 0.0011 50.3755
0.60555 0.0011 46.7684
0.60665 0.0011 47.8695
0.60775 0.0011 50.1532
0.60885 0.0011 46.0555
0.60995 0.0011 58.8231
0.61105 0.0011 50.5347
0.61215 0.0011 41.8534
0.61325 0.0011 47.4186
0.61435 0.0011 58.6298
0.61545 0.0011 50.431
0.61655 0.0011 50.8633
0.61765 0.0011 63.5523
0.61875 0.0011 59.1515
0.61985 0.0011 53.7335
0.62095 0.0011 59.2529
0.62205 0.0011 51.8694
0.62315 0.0011 45.3001
0.62425 0.0011 50.8088
0.62535 0.0011 51.588
0.62645 0.0011 52.1754
0.62755 0.0011 51.9349
0.62865 0.0011 51.8031
0.62975 0.0011 50.8337
0.63085 0.0011 50.4073
0.63195 0.0011 55.163
0.63305 0.0011 47.9769
0.63415 0.0011 56.7611
0.63525 0.0011 47.1457
0.63635 0.0011 61.5455
0.63745 0.0011 58.4383
0.63855 0.0011 51.1989
0.63965 0.0011 56.1458
0.64075 0.0011 51.7777
0.64185 0.0011 51.5726
0.64295 0.0011 54.0036
0.64405 0.0011 53.2283
0.64515 0.0011 50.9662
0.64625 0.0011 54.8143
0.64735 0.0011 49.9572
0.64845 0.0011 46.9608
0.64955 0.0011 52.8536
0.65065 0.0011 46.6245
0.65175 0.0011 45.2912
0.65285 0.0011 61.0673
0.65395 0.0011 50.9133
0.65505 0.0011 52.8999
0.65615 0.0011 44.4404
0.65725 0.0011 52.9353
0.65835 0.0011 54.4648
0.65945 0.0011 49.8327
0.66055 0.0011 43.2569
0.66165 0.0011 53.8363
0.66275 0.0011 52.045
0.66385 0.0011 50.9848
0.66495 0.0011 50.0599
0.66605 0.0011 52.3593
0.66715 0.0011 52.9216
0.66825 0.0011 52.7914
0.66935 0.0011 51.7691
0.67045 0.0011 59.2223
0.67155 0.0011 53.1774
0.67265 0.0011 48.7669
0.67375 0.0011 43.7005
0.67485 0.0011 52.6625
0.67595 0.0011 59.1773
0.67705 0.0011 49.8051
0.67815 0.0011 58.1808
0.67925 0.0011 52.4088
0.68035 0.0011 48.1579
0.68145 0.0011 55.6899
0.68255 0.0011 62.2953
0.68365 0.0011 51.3739
0.68475 0.0011 49.1474
0.68585 0.0011 54.9957
0.68695 0.0011 48.9782
0.68805 0.0011 51.0852
0.68915 0.0011 56.3527
0.69025 0.0011 52.2631
0.69135 0.0011 58.5305
0.69245 0.0011 55.4664
0.69355 0.0011 53.394
0.69465 0.0011 56.7715
0.69575 0.0011 60.9197
0.69685 0.0011 56.7877
0.69795 0.0011 55.934
0.69905 0.0011 46.6399
0.70015 0.0011 48.0609
0.70125 0.0011 59.1161
0.70235 0.0011 56.2451
0.70345 0.0011 49.127
0.70455 0.0011 54.9872
0.70565 0.0011 54.635
0.70675 0.0011 59.9863
0.70785 0.0011 54.1702
0.70895 0.0011 47.7556
0.71005 0.0011 63.7667
0.71115 0.0011 59.4895
0.71225 0.0011 61.3615
0.71335 0.0011 56.9085
0.71445 0.0011 49.5616
0.71555 0.0011 56.4735
0.71665 0.0011 49.977
0.71775 0.0011 56.0604
0.71885 0.0011 65.702
0.71995 0.0011 59.0455
0.72105 0.0011 50.4189
0.72215 0.0011 58.4726
0.72325 0.0011 62.4245
0.72435 0.0011 52.7453
0.72545 0.0011 57.4356
0.72655 0.0011 60.0238
0.72765 0.0011 58.5224
0.72875 0.0011 59.0119
0.72985 0.0011 55.5456
0.73095 0.0011 56.342
0.73205 0.0011 52.0434
0.73315 0.0011 51.5266
0.73425 0.0011 55.7337
0.73535 0.0011 55.5118
0.73645 0.0011 61.2908
0.73755 0.0011 56.5956
0.73865 0.0011 60.2429
0.73975 0.0011 61.5759
0.74085 0.0011 62.8987
0.74195 0.0011 61.3258
0.74305 0.0011 54.53
0.74415 0.0011 52.1476
0.74525 0.0011 58.2578
0.74635 0.0011 53.5454
0.74745 0.0011 48.6985
0.74855 0.0011 54.9586
0.74965 0.0011 54.9512
0.75075 0.0011 58.9163
0.75185 0.0011 55.4464
0.75295 0.0011 60.8725
0.75405 0.0011 52.9634
0.75515 0.0011 59.9666
0.75625 0.0011 66.6569
0.75735 0.0011 60.0032
0.75845 0.0011 57.4257
0.75955 0.0011 61.1876
0.76065 0.0011 55.3252
0.76175 0.0011 54.798
0.76285 0.0011 52.1113
0.76395 0.0011 59.3654
0.76505 0.0011 54.078
0.76615 0.0011 57.8529
0.76725 0.0011 57.312
0.76835 0.0011 50.0738
0.76945 0.0011 58.3046
0.77055 0.0011 62.8077
0.77165 0.0011 57.2931
0.77275 0.0011 60.3454
0.77385 0.0011 54.963
0.77495 0.0011 64.7019
0.77605 0.0011 53.6623
0.77715 0.0011 48.2823
0.77825 0.0011 70.6752
0.77935 0.0011 57.0913
0.78045 0.0011 55.6706
0.78155 0.0011 56.0193
0.78265 0.0011 60.4191
0.78375 0.0011 56.2598
0.78485 0.0011 57.7605
0.78595 0.0011 55.2446
0.78705 0.0011 66.9525
0.78815 0.0011 59.489
0.78925 0.0011 60.1043
0.79035 0.0011 55.0383
0.79145 0.0011 53.7053
0.79255 0.0011 57.7912
0.79365 0.0011 55.0678
0.79475 0.0011 59.2816
0.79585 0.0011 60.2804
0.79695 0.0011 57.3119
0.79805 0.0011 68.7296
0.79915 0.0011 51.4442
0.80025 0.0011 60.8563
0.80135 0.0011 59.4705
0.80245 0.0011 53.3818
0.80355 0.0011 58.9597
0.80465 0.0011 60.9914
0.80575 0.0011 51.9269
0.80685 0.0011 56.5203
0.80795 0.0011 57.0829
0.80905 0.0011 54.4411
0.81015 0.0011 57.6865
0.81125 0.0011 56.8721
0.81235 0.0011 57.0724
0.81345 0.0011 61.0182
0.81455 0.0011 66.0767
0.81565 0.0011 56.7896
0.81675 0.0011 70.3969
0.81785 0.0011 58.9375
0.81895 0.0011 58.3813
0.82005 0.0011 64.069
0.82115 0.0011 61.8126
0.82225 0.0011 67.4522
0.82335 0.0011 60.4946
0.82445 0.0011 60.6166
0.82555 0.0011 58.3734
0.82665 0.0011 68.1774
0.82775 0.0011 71.4802
0.82885 0.0011 58.5133
0.82995 0.0011 66.7099
0.83105 0.0011 71.7625
0.83215 0.0011 77.0186
0.83325 0.0011 63.471
0.83435 0.0011 65.3112
0.83545 0.0011 69.9005
0.83655 0.0011 70.3569
0.83765 0.0011 70.3901
0.83875 0.0011 75.6279
0.83985 0.0011 78.2148
0.84095 0.0011 81.8824
0.84205 0.0011 76.8777
0.84315 0.0011 73.1705
0.84425 0.0011 81.7307
0.84535 0.0011 86.2223
0.84645 0.0011 85.0794
0.84755 0.0011 80.9446
0.84865 0.0011 83.2449
0.84975 0.0011 73.8366
0.85085 0.0011 68.6323
0.85195 0.0011 73.4733
0.85305 0.0011 78.1229
0.85415 0.0011 69.0685
0.85525 0.0011 74.4648
0.85635 0.0011 67.9186
0.85745 0.0011 62.0151
0.85855 0.0011 52.9577
0.85965 0.0011 57.5916
0.86075 0.0011 67.24
0.86185 0.0011 69.3206
0.86295 0.0011 64.152
0.86405 0.0011 62.3873
0.86515 0.0011 59.3525
0.86625 0.0011 57.8867
0.86735 0.0011 63.9794
0.86845 0.0011 61.396
0.86955 0.0011 62.1723
0.87065 0.0011 66.306
0.87175 0.0011 59.6012
0.87285 0.0011 60.2863
0.87395 0.0011 68.4241
0.87505 0.0011 52.7801
0.87615 0.0011 55.7305
0.87725 0.0011 53.5554
0.87835 0.0011 54.8508
0.87945 0.0011 63.6827
0.88055 0.0011 62.2247
0.88165 0.0011 60.5095
0.88275 0.0011 50.8763
0.88385 0.0011 64.1262
0.88495 0.0011 53.6323
0.88605 0.0011 52.9236
0.88715 0.0011 56.5115
0.88825 0.0011 65.9407
0.88935 0.0011 244.42
0.89045 0.0011 63.4195
0.89155 0.0011 57.1445
0.89265 0.0011 53.7967
0.89375 0.0011 51.3821
0.89485 0.0011 52.0305
0.89595 0.0011 54.2603
0.89705 0.0011 59.0374
0.89815 0.0011 64.7478
0.89925 0.0011 47.249
0.90035 0.0011 89889.6
0.90145 0.0011 0
0.90255 0.0011 0
0.90365 0.0011 0
0.90475 0.0011 0
0.90585 0.0011 0
0.90695 0.0011 0
0.90805 0.0011 0
0.90915 0.0011 0
0.91025 0.0011 0
0.91135 0.0011 0
0.91245 0.0011 0
0.91355 0.0011 0
0.91465 0.0011 0
0.91575 0.0011 0
0.91685 0.0011 0
0.91795 0.0011 0
0.91905 0.0011 0
0.92015 0.0011 0
0.92125 0.0011 0
0.92235 0.0011 0
0.92345 0.0011 0
0.92455 0.0011 0
0.92565 0.0011 0
0.92675 0.0011 0
0.92785 0.0011 0
0.92895 0.0011 0
0.93005 0.0011 0
0.93115 0.0011 0
0.93225 0.0011 0
0.93335 0.0011 0
0.93445 0.0011 0
0.93555 0.0011 0
0.93665 0.0011 0
0.93775 0.0011 0
0.93885 0.0011 0
0.93995 0.0011 0
0.94105 0.0011 0
0.94215 0.0011 0
0.94325 0.0011 0
0.94435 0.0011 0
0.94545 0.0011 0
0.94655 0.0011 0
0.94765 0.0011 0
0.94875 0.0011 0
0.94985 0.0011 0
0.95095 0.0011 0
0.95205 0.0011 0
0.95315 0.0011 0
0.95425 0.0011 0
0.95535 0.0011 0
0.95645 0.0011 0
0.95755 0.0011 0
0.95865 0.0011 0
0.95975 0.0011 0
0.96085 0.0011 0
0.96195 0.0011 0
0.96305 0.0011 0
0.96415 0.0011 0
0.96525 0.0011 0
0.96635 0.0011 0
0.96745 0.0011 0
0.96855 0.0011 0
0.96965 0.0011 0
0.97075 0.0011 0
0.97185 0.0011 0
0.97295 0.0011 0
0.97405 0.0011 0
0.97515 0.0011 0
0.97625 0.0011 0
0.97735 0.0011 0
0.97845 0.0011 0
0.97955 0.0011 0
0.98065 0.0011 0
0.98175 0.0011 0
0.98285 0.0011 0
0.98395 0.0011 0
0.98505 0.0011 0
0.98615 0.0011 0
0.98725 0.0011 0
0.98835 0.0011 0
0.98945 0.0011 0
0.99055 0.0011 0
0.99165 0.0011 0
0.99275 0.0011 0
0.99385 0.0011 0
0.99495 0.0011 0
0.99605 0.0011 0
0.99715 0.0011 0
0.99825 0.0011 0
0.99935 0.0011 0
1.00045 0.0011 0
1.00155 0.0011 0
1.00265 0.0011 0
1.00375 0.0011 0
1.00485 0.0011 0
1.00595 0.0011 0
1.00705 0.0011 0
1.00815 0.0011 0
1.00925 0.0011 0
1.01035 0.0011 0
1.01145 0.0011 0
1.01255 0.0011 0
1.01365 0.0011 0
1.01475 0.0011 0
1.01585 0.0011 0
1.01695 0.0011 0
1.01805 0.0011 0
1.01915 0.0011 0
1.02025 0.0011 0
1.02135 0.0011 0
1.02245 0.0011 0
1.02355 0.0011 0
1.02465 0.0011 0
1.02575 0.0011 0
1.02685 0.0011 0
1.02795 0.0011 0
1.02905 0.0011 0
1.03015 0.0011 0
1.03125 0.0011 0
1.03235 0.0011 0
1.03345 0.0011 0
1.03455 0.0011 0
1.03565 0.0011 0
1.03675 0.0011 0
1.03785 0.0011 0
1.03895 0.0011 0
1.04005 0.0011 0
1.04115 0.0011 0
1.04225 0.0011 0
1.04335 0.0011 0
1.04445 0.0011 0
1.04555 0.0011 0
1.04665 0.0011 0
1.04775 0.0011 0
1.04885 0.0011 0
1.04995 0.0011 0
1.05105 0.0011 0
1.05215 0.0011 0
1.05325 0.0011 0
1.05435 0.0011 0
1.05545 0.0011 0
1.05655 0.0011 0
1.05765 0.0011 0
1.05875 0.0011 0
1.05985 0.0011 0
1.06095 0.0011 0
1.06205 0.0011 0
1.06315 0.0011 0
1.06425 0.0011 0
1.06535 0.0011 0
1.06645 0.0011 0
1.06755 0.0011 0
1.06865 0.0011 0
1.06975 0.0011 0
1.07085 0.0011 0
1.07195 0.0011 0
1.07305 0.0011 0
1.07415 0.0011 0
1.07525 0.0011 0
1.07635 0.0011 0
1.07745 0.0011 0
1.07855 0.0011 0
1.07965 0.0011 0
1.08075 0.0011 0
1.08185 0.0011 0
1.08295 0.0011 0
1.08405 0.0011 0
1.08515 0.0011 0
1.08625 0.0011 0
1.08735 0.0011 0
1.08845 0.0011 0
1.08955 0.0011 0
1.09065 0.0011 0
1.09175 0.0011 0
1.09285 0.0011 0
1.09395 0.0011 0
1.09505 0.0011 0
1.09615 0.0011 0
1.09725 0.0011 0
1.09835 0.0011 0
