# First line is two numbers 
#     First value is '2', it means 'histogram mode'
#     Second value is 'Emin' of the histogram
# Other lines : 2 columns. 1) energy 2) Bin Width 2) frequency (nb divided by NbEvent)
# Number of bins = 1000
# Content below the first bin: 47
# Content above the last  bin: 0
# Number of events: 99994
2 0.01
0.010545 0.00109 4
0.011635 0.00109 7
0.012725 0.00109 3
0.013815 0.00109 11
0.014905 0.00109 2
0.015995 0.00109 7
0.017085 0.00109 8
0.018175 0.00109 13
0.019265 0.00109 8
0.020355 0.00109 6
0.021445 0.00109 5
0.022535 0.00109 10
0.023625 0.00109 5
0.024715 0.00109 7
0.025805 0.00109 11
0.026895 0.00109 9
0.027985 0.00109 4
0.029075 0.00109 6
0.030165 0.00109 7
0.031255 0.00109 8
0.032345 0.00109 4
0.033435 0.00109 3
0.034525 0.00109 4
0.035615 0.00109 8
0.036705 0.00109 8
0.037795 0.00109 4
0.038885 0.00109 8
0.039975 0.00109 11
0.041065 0.00109 7
0.042155 0.00109 4
0.043245 0.00109 5
0.044335 0.00109 5
0.045425 0.00109 5
0.046515 0.00109 8
0.047605 0.00109 4
0.048695 0.00109 6
0.049785 0.00109 14
0.050875 0.00109 6
0.051965 0.00109 5
0.053055 0.00109 3
0.054145 0.00109 3
0.055235 0.00109 6
0.056325 0.00109 8
0.057415 0.00109 4
0.058505 0.00109 8
0.059595 0.00109 7
0.060685 0.00109 6
0.061775 0.00109 6
0.062865 0.00109 6
0.063955 0.00109 5
0.065045 0.00109 0
0.066135 0.00109 4
0.067225 0.00109 5
0.068315 0.00109 6
0.069405 0.00109 5
0.070495 0.00109 5
0.071585 0.00109 4
0.072675 0.00109 7
0.073765 0.00109 12
0.074855 0.00109 6
0.075945 0.00109 5
0.077035 0.00109 7
0.078125 0.00109 4
0.079215 0.00109 6
0.080305 0.00109 10
0.081395 0.00109 6
0.082485 0.00109 7
0.083575 0.00109 3
0.084665 0.00109 5
0.085755 0.00109 4
0.086845 0.00109 5
0.087935 0.00109 3
0.089025 0.00109 4
0.090115 0.00109 7
0.091205 0.00109 7
0.092295 0.00109 11
0.093385 0.00109 8
0.094475 0.00109 9
0.095565 0.00109 5
0.096655 0.00109 4
0.097745 0.00109 10
0.098835 0.00109 9
0.099925 0.00109 11
0.101015 0.00109 9
0.102105 0.00109 8
0.103195 0.00109 9
0.104285 0.00109 6
0.105375 0.00109 7
0.106465 0.00109 9
0.107555 0.00109 7
0.108645 0.00109 3
0.109735 0.00109 6
0.110825 0.00109 10
0.111915 0.00109 4
0.113005 0.00109 2
0.114095 0.00109 7
0.115185 0.00109 9
0.116275 0.00109 4
0.117365 0.00109 5
0.118455 0.00109 12
0.119545 0.00109 4
0.120635 0.00109 6
0.121725 0.00109 4
0.122815 0.00109 3
0.123905 0.00109 7
0.124995 0.00109 6
0.126085 0.00109 10
0.127175 0.00109 8
0.128265 0.00109 9
0.129355 0.00109 6
0.130445 0.00109 9
0.131535 0.00109 5
0.132625 0.00109 6
0.133715 0.00109 8
0.134805 0.00109 0
0.135895 0.00109 3
0.136985 0.00109 9
0.138075 0.00109 6
0.139165 0.00109 7
0.140255 0.00109 6
0.141345 0.00109 9
0.142435 0.00109 3
0.143525 0.00109 9
0.144615 0.00109 5
0.145705 0.00109 6
0.146795 0.00109 4
0.147885 0.00109 3
0.148975 0.00109 9
0.150065 0.00109 5
0.151155 0.00109 6
0.152245 0.00109 5
0.153335 0.00109 4
0.154425 0.00109 9
0.155515 0.00109 8
0.156605 0.00109 6
0.157695 0.00109 7
0.158785 0.00109 6
0.159875 0.00109 7
0.160965 0.00109 8
0.162055 0.00109 6
0.163145 0.00109 5
0.164235 0.00109 11
0.165325 0.00109 11
0.166415 0.00109 6
0.167505 0.00109 4
0.168595 0.00109 3
0.169685 0.00109 7
0.170775 0.00109 11
0.171865 0.00109 6
0.172955 0.00109 7
0.174045 0.00109 7
0.175135 0.00109 9
0.176225 0.00109 8
0.177315 0.00109 5
0.178405 0.00109 9
0.179495 0.00109 6
0.180585 0.00109 4
0.181675 0.00109 6
0.182765 0.00109 5
0.183855 0.00109 3
0.184945 0.00109 7
0.186035 0.00109 4
0.187125 0.00109 11
0.188215 0.00109 7
0.189305 0.00109 7
0.190395 0.00109 5
0.191485 0.00109 3
0.192575 0.00109 4
0.193665 0.00109 8
0.194755 0.00109 7
0.195845 0.00109 6
0.196935 0.00109 9
0.198025 0.00109 7
0.199115 0.00109 3
0.200205 0.00109 6
0.201295 0.00109 5
0.202385 0.00109 3
0.203475 0.00109 3
0.204565 0.00109 7
0.205655 0.00109 5
0.206745 0.00109 9
0.207835 0.00109 3
0.208925 0.00109 8
0.210015 0.00109 5
0.211105 0.00109 7
0.212195 0.00109 4
0.213285 0.00109 8
0.214375 0.00109 6
0.215465 0.00109 4
0.216555 0.00109 5
0.217645 0.00109 8
0.218735 0.00109 5
0.219825 0.00109 11
0.220915 0.00109 10
0.222005 0.00109 8
0.223095 0.00109 10
0.224185 0.00109 5
0.225275 0.00109 4
0.226365 0.00109 8
0.227455 0.00109 11
0.228545 0.00109 8
0.229635 0.00109 4
0.230725 0.00109 10
0.231815 0.00109 4
0.232905 0.00109 11
0.233995 0.00109 6
0.235085 0.00109 5
0.236175 0.00109 5
0.237265 0.00109 6
0.238355 0.00109 4
0.239445 0.00109 5
0.240535 0.00109 10
0.241625 0.00109 8
0.242715 0.00109 7
0.243805 0.00109 5
0.244895 0.00109 8
0.245985 0.00109 7
0.247075 0.00109 4
0.248165 0.00109 7
0.249255 0.00109 4
0.250345 0.00109 11
0.251435 0.00109 5
0.252525 0.00109 8
0.253615 0.00109 6
0.254705 0.00109 7
0.255795 0.00109 7
0.256885 0.00109 3
0.257975 0.00109 6
0.259065 0.00109 8
0.260155 0.00109 1
0.261245 0.00109 10
0.262335 0.00109 8
0.263425 0.00109 6
0.264515 0.00109 7
0.265605 0.00109 7
0.266695 0.00109 3
0.267785 0.00109 7
0.268875 0.00109 11
0.269965 0.00109 10
0.271055 0.00109 2
0.272145 0.00109 5
0.273235 0.00109 5
0.274325 0.00109 4
0.275415 0.00109 12
0.276505 0.00109 6
0.277595 0.00109 5
0.278685 0.00109 4
0.279775 0.00109 5
0.280865 0.00109 5
0.281955 0.00109 5
0.283045 0.00109 6
0.284135 0.00109 7
0.285225 0.00109 7
0.286315 0.00109 5
0.287405 0.00109 6
0.288495 0.00109 7
0.289585 0.00109 7
0.290675 0.00109 3
0.291765 0.00109 6
0.292855 0.00109 5
0.293945 0.00109 9
0.295035 0.00109 7
0.296125 0.00109 7
0.297215 0.00109 5
0.298305 0.00109 2
0.299395 0.00109 10
0.300485 0.00109 3
0.301575 0.00109 9
0.302665 0.00109 5
0.303755 0.00109 7
0.304845 0.00109 6
0.305935 0.00109 4
0.307025 0.00109 8
0.308115 0.00109 6
0.309205 0.00109 7
0.310295 0.00109 8
0.311385 0.00109 7
0.312475 0.00109 4
0.313565 0.00109 4
0.314655 0.00109 8
0.315745 0.00109 6
0.316835 0.00109 4
0.317925 0.00109 4
0.319015 0.00109 3
0.320105 0.00109 6
0.321195 0.00109 10
0.322285 0.00109 4
0.323375 0.00109 6
0.324465 0.00109 11
0.325555 0.00109 10
0.326645 0.00109 5
0.327735 0.00109 2
0.328825 0.00109 5
0.329915 0.00109 8
0.331005 0.00109 11
0.332095 0.00109 4
0.333185 0.00109 4
0.334275 0.00109 4
0.335365 0.00109 8
0.336455 0.00109 6
0.337545 0.00109 4
0.338635 0.00109 6
0.339725 0.00109 1
0.340815 0.00109 6
0.341905 0.00109 9
0.342995 0.00109 2
0.344085 0.00109 3
0.345175 0.00109 6
0.346265 0.00109 5
0.347355 0.00109 4
0.348445 0.00109 4
0.349535 0.00109 6
0.350625 0.00109 8
0.351715 0.00109 12
0.352805 0.00109 7
0.353895 0.00109 2
0.354985 0.00109 3
0.356075 0.00109 8
0.357165 0.00109 9
0.358255 0.00109 4
0.359345 0.00109 7
0.360435 0.00109 7
0.361525 0.00109 4
0.362615 0.00109 4
0.363705 0.00109 6
0.364795 0.00109 9
0.365885 0.00109 9
0.366975 0.00109 2
0.368065 0.00109 10
0.369155 0.00109 4
0.370245 0.00109 10
0.371335 0.00109 2
0.372425 0.00109 3
0.373515 0.00109 1
0.374605 0.00109 6
0.375695 0.00109 6
0.376785 0.00109 10
0.377875 0.00109 11
0.378965 0.00109 6
0.380055 0.00109 8
0.381145 0.00109 7
0.382235 0.00109 9
0.383325 0.00109 8
0.384415 0.00109 9
0.385505 0.00109 9
0.386595 0.00109 7
0.387685 0.00109 2
0.388775 0.00109 2
0.389865 0.00109 6
0.390955 0.00109 10
0.392045 0.00109 7
0.393135 0.00109 7
0.394225 0.00109 8
0.395315 0.00109 9
0.396405 0.00109 4
0.397495 0.00109 7
0.398585 0.00109 10
0.399675 0.00109 6
0.400765 0.00109 6
0.401855 0.00109 8
0.402945 0.00109 8
0.404035 0.00109 4
0.405125 0.00109 14
0.406215 0.00109 1
0.407305 0.00109 4
0.408395 0.00109 6
0.409485 0.00109 4
0.410575 0.00109 5
0.411665 0.00109 8
0.412755 0.00109 4
0.413845 0.00109 3
0.414935 0.00109 7
0.416025 0.00109 3
0.417115 0.00109 9
0.418205 0.00109 2
0.419295 0.00109 8
0.420385 0.00109 3
0.421475 0.00109 4
0.422565 0.00109 7
0.423655 0.00109 12
0.424745 0.00109 7
0.425835 0.00109 6
0.426925 0.00109 3
0.428015 0.00109 7
0.429105 0.00109 8
0.430195 0.00109 10
0.431285 0.00109 5
0.432375 0.00109 5
0.433465 0.00109 10
0.434555 0.00109 11
0.435645 0.00109 6
0.436735 0.00109 10
0.437825 0.00109 3
0.438915 0.00109 9
0.440005 0.00109 8
0.441095 0.00109 1
0.442185 0.00109 4
0.443275 0.00109 5
0.444365 0.00109 7
0.445455 0.00109 7
0.446545 0.00109 7
0.447635 0.00109 7
0.448725 0.00109 5
0.449815 0.00109 4
0.450905 0.00109 9
0.451995 0.00109 7
0.453085 0.00109 6
0.454175 0.00109 3
0.455265 0.00109 10
0.456355 0.00109 2
0.457445 0.00109 8
0.458535 0.00109 7
0.459625 0.00109 2
0.460715 0.00109 8
0.461805 0.00109 5
0.462895 0.00109 12
0.463985 0.00109 10
0.465075 0.00109 3
0.466165 0.00109 5
0.467255 0.00109 6
0.468345 0.00109 5
0.469435 0.00109 7
0.470525 0.00109 7
0.471615 0.00109 9
0.472705 0.00109 14
0.473795 0.00109 5
0.474885 0.00109 10
0.475975 0.00109 4
0.477065 0.00109 8
0.478155 0.00109 5
0.479245 0.00109 4
0.480335 0.00109 6
0.481425 0.00109 8
0.482515 0.00109 7
0.483605 0.00109 3
0.484695 0.00109 9
0.485785 0.00109 8
0.486875 0.00109 4
0.487965 0.00109 7
0.489055 0.00109 4
0.490145 0.00109 5
0.491235 0.00109 9
0.492325 0.00109 6
0.493415 0.00109 9
0.494505 0.00109 10
0.495595 0.00109 9
0.496685 0.00109 5
0.497775 0.00109 10
0.498865 0.00109 10
0.499955 0.00109 5
0.501045 0.00109 10
0.502135 0.00109 4
0.503225 0.00109 4
0.504315 0.00109 6
0.505405 0.00109 5
0.506495 0.00109 9
0.507585 0.00109 10
0.508675 0.00109 6
0.509765 0.00109 5
0.510855 0.00109 8
0.511945 0.00109 6
0.513035 0.00109 7
0.514125 0.00109 4
0.515215 0.00109 4
0.516305 0.00109 7
0.517395 0.00109 3
0.518485 0.00109 7
0.519575 0.00109 9
0.520665 0.00109 8
0.521755 0.00109 6
0.522845 0.00109 7
0.523935 0.00109 7
0.525025 0.00109 7
0.526115 0.00109 5
0.527205 0.00109 7
0.528295 0.00109 7
0.529385 0.00109 10
0.530475 0.00109 9
0.531565 0.00109 6
0.532655 0.00109 5
0.533745 0.00109 5
0.534835 0.00109 9
0.535925 0.00109 8
0.537015 0.00109 4
0.538105 0.00109 11
0.539195 0.00109 8
0.540285 0.00109 5
0.541375 0.00109 9
0.542465 0.00109 8
0.543555 0.00109 10
0.544645 0.00109 7
0.545735 0.00109 5
0.546825 0.00109 4
0.547915 0.00109 7
0.549005 0.00109 7
0.550095 0.00109 4
0.551185 0.00109 7
0.552275 0.00109 7
0.553365 0.00109 6
0.554455 0.00109 6
0.555545 0.00109 7
0.556635 0.00109 3
0.557725 0.00109 5
0.558815 0.00109 12
0.559905 0.00109 7
0.560995 0.00109 8
0.562085 0.00109 10
0.563175 0.00109 6
0.564265 0.00109 5
0.565355 0.00109 4
0.566445 0.00109 5
0.567535 0.00109 6
0.568625 0.00109 7
0.569715 0.00109 10
0.570805 0.00109 2
0.571895 0.00109 8
0.572985 0.00109 7
0.574075 0.00109 4
0.575165 0.00109 4
0.576255 0.00109 6
0.577345 0.00109 3
0.578435 0.00109 2
0.579525 0.00109 12
0.580615 0.00109 9
0.581705 0.00109 8
0.582795 0.00109 9
0.583885 0.00109 5
0.584975 0.00109 9
0.586065 0.00109 12
0.587155 0.00109 14
0.588245 0.00109 5
0.589335 0.00109 11
0.590425 0.00109 7
0.591515 0.00109 5
0.592605 0.00109 8
0.593695 0.00109 7
0.594785 0.00109 6
0.595875 0.00109 6
0.596965 0.00109 6
0.598055 0.00109 9
0.599145 0.00109 9
0.600235 0.00109 3
0.601325 0.00109 10
0.602415 0.00109 10
0.603505 0.00109 10
0.604595 0.00109 9
0.605685 0.00109 8
0.606775 0.00109 6
0.607865 0.00109 6
0.608955 0.00109 7
0.610045 0.00109 8
0.611135 0.00109 11
0.612225 0.00109 9
0.613315 0.00109 4
0.614405 0.00109 5
0.615495 0.00109 10
0.616585 0.00109 8
0.617675 0.00109 7
0.618765 0.00109 8
0.619855 0.00109 7
0.620945 0.00109 6
0.622035 0.00109 5
0.623125 0.00109 12
0.624215 0.00109 6
0.625305 0.00109 5
0.626395 0.00109 7
0.627485 0.00109 5
0.628575 0.00109 8
0.629665 0.00109 4
0.630755 0.00109 6
0.631845 0.00109 6
0.632935 0.00109 5
0.634025 0.00109 10
0.635115 0.00109 5
0.636205 0.00109 8
0.637295 0.00109 4
0.638385 0.00109 11
0.639475 0.00109 7
0.640565 0.00109 22
0.641655 0.00109 10
0.642745 0.00109 11
0.643835 0.00109 8
0.644925 0.00109 13
0.646015 0.00109 9
0.647105 0.00109 8
0.648195 0.00109 9
0.649285 0.00109 8
0.650375 0.00109 4
0.651465 0.00109 9
0.652555 0.00109 12
0.653645 0.00109 18
0.654735 0.00109 8
0.655825 0.00109 9
0.656915 0.00109 10
0.658005 0.00109 4
0.659095 0.00109 11
0.660185 0.00109 9
0.661275 0.00109 10
0.662365 0.00109 6
0.663455 0.00109 13
0.664545 0.00109 7
0.665635 0.00109 9
0.666725 0.00109 10
0.667815 0.00109 9
0.668905 0.00109 12
0.669995 0.00109 10
0.671085 0.00109 10
0.672175 0.00109 11
0.673265 0.00109 8
0.674355 0.00109 14
0.675445 0.00109 13
0.676535 0.00109 12
0.677625 0.00109 11
0.678715 0.00109 8
0.679805 0.00109 9
0.680895 0.00109 7
0.681985 0.00109 3
0.683075 0.00109 5
0.684165 0.00109 5
0.685255 0.00109 10
0.686345 0.00109 9
0.687435 0.00109 8
0.688525 0.00109 7
0.689615 0.00109 7
0.690705 0.00109 7
0.691795 0.00109 7
0.692885 0.00109 8
0.693975 0.00109 9
0.695065 0.00109 11
0.696155 0.00109 12
0.697245 0.00109 7
0.698335 0.00109 9
0.699425 0.00109 14
0.700515 0.00109 13
0.701605 0.00109 8
0.702695 0.00109 11
0.703785 0.00109 9
0.704875 0.00109 10
0.705965 0.00109 11
0.707055 0.00109 10
0.708145 0.00109 14
0.709235 0.00109 9
0.710325 0.00109 8
0.711415 0.00109 10
0.712505 0.00109 10
0.713595 0.00109 8
0.714685 0.00109 8
0.715775 0.00109 9
0.716865 0.00109 13
0.717955 0.00109 5
0.719045 0.00109 12
0.720135 0.00109 10
0.721225 0.00109 10
0.722315 0.00109 15
0.723405 0.00109 14
0.724495 0.00109 6
0.725585 0.00109 16
0.726675 0.00109 9
0.727765 0.00109 11
0.728855 0.00109 16
0.729945 0.00109 15
0.731035 0.00109 12
0.732125 0.00109 16
0.733215 0.00109 16
0.734305 0.00109 8
0.735395 0.00109 20
0.736485 0.00109 16
0.737575 0.00109 13
0.738665 0.00109 14
0.739755 0.00109 16
0.740845 0.00109 11
0.741935 0.00109 7
0.743025 0.00109 5
0.744115 0.00109 13
0.745205 0.00109 14
0.746295 0.00109 15
0.747385 0.00109 17
0.748475 0.00109 16
0.749565 0.00109 17
0.750655 0.00109 16
0.751745 0.00109 23
0.752835 0.00109 15
0.753925 0.00109 7
0.755015 0.00109 5
0.756105 0.00109 12
0.757195 0.00109 19
0.758285 0.00109 14
0.759375 0.00109 13
0.760465 0.00109 18
0.761555 0.00109 10
0.762645 0.00109 7
0.763735 0.00109 17
0.764825 0.00109 21
0.765915 0.00109 17
0.767005 0.00109 15
0.768095 0.00109 17
0.769185 0.00109 9
0.770275 0.00109 10
0.771365 0.00109 15
0.772455 0.00109 14
0.773545 0.00109 17
0.774635 0.00109 18
0.775725 0.00109 10
0.776815 0.00109 20
0.777905 0.00109 14
0.778995 0.00109 17
0.780085 0.00109 15
0.781175 0.00109 16
0.782265 0.00109 10
0.783355 0.00109 17
0.784445 0.00109 19
0.785535 0.00109 13
0.786625 0.00109 13
0.787715 0.00109 17
0.788805 0.00109 15
0.789895 0.00109 12
0.790985 0.00109 15
0.792075 0.00109 12
0.793165 0.00109 20
0.794255 0.00109 12
0.795345 0.00109 15
0.796435 0.00109 13
0.797525 0.00109 12
0.798615 0.00109 12
0.799705 0.00109 11
0.800795 0.00109 11
0.801885 0.00109 11
0.802975 0.00109 6
0.804065 0.00109 10
0.805155 0.00109 8
0.806245 0.00109 10
0.807335 0.00109 4
0.808425 0.00109 7
0.809515 0.00109 4
0.810605 0.00109 10
0.811695 0.00109 10
0.812785 0.00109 12
0.813875 0.00109 4
0.814965 0.00109 7
0.816055 0.00109 6
0.817145 0.00109 4
0.818235 0.00109 6
0.819325 0.00109 10
0.820415 0.00109 8
0.821505 0.00109 8
0.822595 0.00109 7
0.823685 0.00109 5
0.824775 0.00109 4
0.825865 0.00109 4
0.826955 0.00109 5
0.828045 0.00109 13
0.829135 0.00109 6
0.830225 0.00109 9
0.831315 0.00109 3
0.832405 0.00109 6
0.833495 0.00109 3
0.834585 0.00109 7
0.835675 0.00109 6
0.836765 0.00109 10
0.837855 0.00109 3
0.838945 0.00109 3
0.840035 0.00109 7
0.841125 0.00109 9
0.842215 0.00109 7
0.843305 0.00109 5
0.844395 0.00109 6
0.845485 0.00109 5
0.846575 0.00109 4
0.847665 0.00109 5
0.848755 0.00109 6
0.849845 0.00109 9
0.850935 0.00109 6
0.852025 0.00109 8
0.853115 0.00109 4
0.854205 0.00109 7
0.855295 0.00109 2
0.856385 0.00109 3
0.857475 0.00109 7
0.858565 0.00109 4
0.859655 0.00109 4
0.860745 0.00109 2
0.861835 0.00109 3
0.862925 0.00109 7
0.864015 0.00109 4
0.865105 0.00109 1
0.866195 0.00109 1
0.867285 0.00109 5
0.868375 0.00109 4
0.869465 0.00109 3
0.870555 0.00109 4
0.871645 0.00109 5
0.872735 0.00109 3
0.873825 0.00109 2
0.874915 0.00109 5
0.876005 0.00109 2
0.877095 0.00109 5
0.878185 0.00109 4
0.879275 0.00109 5
0.880365 0.00109 1
0.881455 0.00109 1
0.882545 0.00109 5
0.883635 0.00109 4
0.884725 0.00109 3
0.885815 0.00109 0
0.886905 0.00109 3
0.887995 0.00109 0
0.889085 0.00109 1
0.890175 0.00109 2
0.891265 0.00109 1
0.892355 0.00109 2
0.893445 0.00109 3
0.894535 0.00109 0
0.895625 0.00109 1
0.896715 0.00109 0
0.897805 0.00109 0
0.898895 0.00109 2
0.899985 0.00109 0
0.901075 0.00109 2
0.902165 0.00109 0
0.903255 0.00109 1
0.904345 0.00109 0
0.905435 0.00109 1
0.906525 0.00109 0
0.907615 0.00109 0
0.908705 0.00109 1
0.909795 0.00109 0
0.910885 0.00109 0
0.911975 0.00109 1
0.913065 0.00109 0
0.914155 0.00109 2
0.915245 0.00109 1
0.916335 0.00109 0
0.917425 0.00109 0
0.918515 0.00109 2
0.919605 0.00109 0
0.920695 0.00109 2
0.921785 0.00109 0
0.922875 0.00109 0
0.923965 0.00109 1
0.925055 0.00109 0
0.926145 0.00109 0
0.927235 0.00109 0
0.928325 0.00109 0
0.929415 0.00109 1
0.930505 0.00109 0
0.931595 0.00109 2
0.932685 0.00109 0
0.933775 0.00109 1
0.934865 0.00109 0
0.935955 0.00109 0
0.937045 0.00109 0
0.938135 0.00109 0
0.939225 0.00109 0
0.940315 0.00109 0
0.941405 0.00109 0
0.942495 0.00109 0
0.943585 0.00109 0
0.944675 0.00109 0
0.945765 0.00109 0
0.946855 0.00109 0
0.947945 0.00109 0
0.949035 0.00109 0
0.950125 0.00109 0
0.951215 0.00109 0
0.952305 0.00109 0
0.953395 0.00109 0
0.954485 0.00109 0
0.955575 0.00109 0
0.956665 0.00109 0
0.957755 0.00109 0
0.958845 0.00109 0
0.959935 0.00109 0
0.961025 0.00109 0
0.962115 0.00109 0
0.963205 0.00109 1
0.964295 0.00109 0
0.965385 0.00109 1
0.966475 0.00109 0
0.967565 0.00109 0
0.968655 0.00109 0
0.969745 0.00109 0
0.970835 0.00109 0
0.971925 0.00109 0
0.973015 0.00109 0
0.974105 0.00109 0
0.975195 0.00109 1
0.976285 0.00109 0
0.977375 0.00109 0
0.978465 0.00109 0
0.979555 0.00109 0
0.980645 0.00109 0
0.981735 0.00109 0
0.982825 0.00109 0
0.983915 0.00109 0
0.985005 0.00109 0
0.986095 0.00109 0
0.987185 0.00109 0
0.988275 0.00109 0
0.989365 0.00109 0
0.990455 0.00109 0
0.991545 0.00109 0
0.992635 0.00109 0
0.993725 0.00109 0
0.994815 0.00109 0
0.995905 0.00109 0
0.996995 0.00109 0
0.998085 0.00109 0
0.999175 0.00109 0
1.00026 0.00109 1970
1.00135 0.00109 0
1.00245 0.00109 0
1.00354 0.00109 0
1.00462 0.00109 0
1.00571 0.00109 0
1.0068 0.00109 0
1.00789 0.00109 0
1.00899 0.00109 0
1.01008 0.00109 0
1.01117 0.00109 0
1.01226 0.00109 0
1.01335 0.00109 0
1.01443 0.00109 0
1.01553 0.00109 0
1.01662 0.00109 0
1.01771 0.00109 0
1.0188 0.00109 0
1.01988 0.00109 0
1.02097 0.00109 0
1.02207 0.00109 0
1.02316 0.00109 0
1.02425 0.00109 0
1.02534 0.00109 0
1.02643 0.00109 0
1.02751 0.00109 0
1.0286 0.00109 0
1.0297 0.00109 0
1.03079 0.00109 0
1.03188 0.00109 0
1.03297 0.00109 0
1.03405 0.00109 0
1.03514 0.00109 0
1.03624 0.00109 0
1.03733 0.00109 0
1.03842 0.00109 0
1.03951 0.00109 0
1.0406 0.00109 0
1.04168 0.00109 0
1.04278 0.00109 0
1.04387 0.00109 0
1.04496 0.00109 0
1.04605 0.00109 0
1.04713 0.00109 0
1.04822 0.00109 0
1.04931 0.00109 0
1.05041 0.00109 0
1.0515 0.00109 0
1.05259 0.00109 0
1.05368 0.00109 0
1.05477 0.00109 0
1.05585 0.00109 0
1.05695 0.00109 0
1.05804 0.00109 0
1.05913 0.00109 0
1.06022 0.00109 0
1.0613 0.00109 0
1.06239 0.00109 0
1.06349 0.00109 0
1.06458 0.00109 0
1.06567 0.00109 0
1.06676 0.00109 0
1.06785 0.00109 0
1.06893 0.00109 0
1.07003 0.00109 0
1.07112 0.00109 0
1.07221 0.00109 0
1.0733 0.00109 0
1.07438 0.00109 0
1.07547 0.00109 0
1.07656 0.00109 0
1.07766 0.00109 0
1.07875 0.00109 0
1.07984 0.00109 0
1.08093 0.00109 0
1.08202 0.00109 0
1.0831 0.00109 0
1.0842 0.00109 0
1.08529 0.00109 0
1.08638 0.00109 0
1.08747 0.00109 0
1.08855 0.00109 0
1.08964 0.00109 0
1.09074 0.00109 0
1.09183 0.00109 0
1.09292 0.00109 0
1.09401 0.00109 0
1.0951 0.00109 0
1.09618 0.00109 0
1.09728 0.00109 0
1.09837 0.00109 0
